ts	stats_id	users_id	clans_id	factions_id	stars_id	points	status	events_id	xclans_id	xfactions_id
2020-06-07 11:01:01	34882431	736245	1678	790	111	2983	attack	128	1102	791
2020-06-07 11:01:57	34882433	715662	1523	790	450	2296	defense	128	1523	790
2020-06-07 11:01:59	34882434	650063	1332	792	323	2244	ally	128	76	792
2020-06-07 11:03:13	34882437	639366	1386	791	165	1661	attack	128	1332	792
2020-06-07 11:04:40	34882443	736245	1678	790	111	2790	conquer	128	1102	791
2020-06-07 11:04:53	34882445	639366	1386	791	165	1016	conquer	128	1332	792
2020-06-07 11:06:11	34882449	639366	1386	791	165	730	defense	128	1386	791
2020-06-07 11:06:26	34882450	591146	1693	791	218	3824	defense	128	1693	791
2020-06-07 11:07:20	34882453	700292	1678	790	446	470	defense	128	1678	790
2020-06-07 11:07:42	34882456	639366	1386	791	165	850	defense	128	1386	791
2020-06-07 11:07:48	34882457	591146	1693	791	218	3079	defense	128	1693	791
2020-06-07 11:08:08	34882459	646017	1693	791	65	426	defense	128	1693	791
2020-06-07 11:08:22	34882460	715662	1523	790	450	2172	defense	128	1523	790
2020-06-07 11:09:21	34882466	639366	1386	791	165	957	defense	128	1386	791
2020-06-07 11:09:35	34882468	591146	1693	791	218	4114	defense	128	1693	791
2020-06-07 11:10:04	34882470	6584	76	792	287	2748	attack	128	750	790
2020-06-07 11:10:28	34882471	153	26	790	151	511	defense	128	26	790
2020-06-07 11:11:21	34882474	639366	1386	791	165	1135	defense	128	1386	791
2020-06-07 11:11:53	34882475	591146	1693	791	218	1655	defense	128	1693	791
2020-06-07 11:13:00	34882479	591146	1693	791	218	2041	defense	128	1693	791
2020-06-07 11:14:01	34882481	731727	1693	791	338	1193	attack	128	76	792
2020-06-07 11:14:08	34882482	574262	1611	792	110	171	defense	128	1611	792
2020-06-07 11:14:28	34882483	722244	1693	791	349	10000	conquer	128	1523	790
2020-06-07 11:14:29	34882485	639366	1386	791	205	1292	attack	128	1332	792
2020-06-07 11:14:31	34882486	574262	1611	792	110	194	defense	128	1611	792
2020-06-07 11:14:40	34882487	591146	1693	791	218	3517	defense	128	1693	791
2020-06-07 11:15:00	34882491	574262	1611	792	110	551	defense	128	1611	792
2020-06-07 11:15:14	34882492	715662	1523	790	450	1963	defense	128	1523	790
2020-06-07 11:15:48	34882495	639366	1386	791	205	768	conquer	128	1332	792
2020-06-07 11:16:05	34882497	731727	1693	791	338	1289	attack	128	76	792
2020-06-07 11:16:06	34882498	574262	1611	792	110	551	defense	128	1611	792
2020-06-07 11:16:07	34882499	591146	1693	791	218	3049	defense	128	1693	791
2020-06-07 11:16:46	34882503	574262	1611	792	110	940	defense	128	1611	792
2020-06-07 11:17:16	34882505	643945	1072	791	247	2358	attack	128	1523	790
2020-06-07 11:17:32	34882507	639366	1386	791	205	1061	defense	128	1386	791
2020-06-07 11:17:40	34882508	574262	1611	792	110	372	defense	128	1611	792
2020-06-07 11:18:13	34882512	731727	1693	791	338	1284	attack	128	76	792
2020-06-07 11:18:22	34882513	574262	1611	792	110	339	defense	128	1611	792
2020-06-07 11:18:23	34882514	153	26	790	151	7338	defense	128	26	790
2020-06-07 11:19:22	34882520	218668	1102	791	133	864	attack	128	76	792
2020-06-07 11:19:28	34882521	639366	1386	791	205	1164	defense	128	1386	791
2020-06-07 11:19:30	34882522	574262	1611	792	110	455	defense	128	1611	792
2020-06-07 11:19:54	34882526	153	26	790	151	620	defense	128	26	790
2020-06-07 11:20:08	34882527	574262	1611	792	110	588	defense	128	1611	792
2020-06-07 11:20:18	34882529	731727	1693	791	338	1277	attack	128	76	792
2020-06-07 11:20:40	34882532	591146	1693	791	218	2055	defense	128	1693	791
2020-06-07 11:20:44	34882533	574262	1611	792	110	226	defense	128	1611	792
2020-06-07 11:21:11	34882536	574262	1611	792	110	396	defense	128	1611	792
2020-06-07 11:21:33	34882538	639366	1386	791	205	1393	defense	128	1386	791
2020-06-07 11:21:42	34882539	643945	1072	791	247	2059	attack	128	1523	790
2020-06-07 11:22:02	34882542	574262	1611	792	110	360	defense	128	1611	792
2020-06-07 11:22:11	34882543	218668	1102	791	133	1554	attack	128	76	792
2020-06-07 11:22:34	34882544	574262	1611	792	110	559	defense	128	1611	792
2020-06-07 11:22:36	34882545	731727	1693	791	338	1200	conquer	128	76	792
2020-06-07 11:22:56	34882546	639366	1386	791	205	866	defense	128	1386	791
2020-06-07 11:23:03	34882547	643945	1072	791	247	2802	attack	128	1523	790
2020-06-07 11:23:22	34882552	673785	1523	790	139	2369	attack	128	1072	791
2020-06-07 11:23:31	34882553	574262	1611	792	110	415	defense	128	1611	792
2020-06-07 11:23:51	34882554	490453	1072	791	80	1957	defense	128	1072	791
2020-06-07 11:23:54	34882556	722244	1693	791	349	10000	defense	128	1693	791
2020-06-07 11:24:02	34882557	574262	1611	792	110	292	defense	128	1611	792
2020-06-07 11:24:13	34882559	591146	1693	791	218	1231	defense	128	1693	791
2020-06-07 11:24:25	34882560	574262	1611	792	110	203	defense	128	1611	792
2020-06-07 11:24:33	34882561	490453	1072	791	80	1848	defense	128	1072	791
2020-06-07 11:24:53	34882563	218668	1102	791	133	1568	attack	128	76	792
2020-06-07 11:24:57	34882564	643945	1072	791	247	266	attack	128	1523	790
2020-06-07 11:25:03	34882565	574262	1611	792	110	800	defense	128	1611	792
2020-06-07 11:25:32	34882567	643945	1072	791	247	232	attack	128	1523	790
2020-06-07 11:25:37	34882568	699603	1072	791	506	504	defense	128	1072	791
2020-06-07 11:25:50	34882569	574262	1611	792	110	1759	defense	128	1611	792
2020-06-07 11:26:03	34882571	643945	1072	791	247	185	attack	128	1523	790
2020-06-07 11:26:11	34882573	699603	1072	791	506	275	defense	128	1072	791
2020-06-07 11:26:15	34882574	731727	1693	791	338	1067	defense	128	1693	791
2020-06-07 11:26:15	34882575	731727	1693	791	338	1066	defense	128	1693	791
2020-06-07 11:27:11	34882581	699603	1072	791	506	654	defense	128	1072	791
2020-06-07 11:27:15	34882582	6584	76	792	287	480	attack	128	750	790
2020-06-07 11:27:32	34882583	711001	1102	791	111	460	attack	128	1678	790
2020-06-07 11:27:59	34882587	490453	1072	791	80	3779	defense	128	1072	791
2020-06-07 11:28:06	34882589	6584	76	792	287	419	attack	128	750	790
2020-06-07 11:28:13	34882590	639366	1386	791	25	819	attack	128	1332	792
2020-06-07 11:28:16	34882591	673785	1523	790	139	2269	attack	128	1072	791
2020-06-07 11:28:56	34882593	722244	1693	791	349	7312	defense	128	1693	791
2020-06-07 11:28:57	34882594	711001	1102	791	111	639	conquer	128	1678	790
2020-06-07 11:28:57	34882594	218668	1102	791	133	588	attack	128	76	792
2020-06-07 11:29:08	34882596	639366	1386	791	25	500	attack	128	1332	792
2020-06-07 11:29:24	34882597	643945	1072	791	247	1801	attack	128	1523	790
2020-06-07 11:30:01	34882600	711001	1102	791	111	426	defense	128	1102	791
2020-06-07 11:30:01	34882600	218668	1102	791	133	455	attack	128	76	792
2020-06-07 11:30:12	34882602	699603	1072	791	506	3295	defense	128	1072	791
2020-06-07 11:31:03	34882605	643945	1072	791	247	1699	attack	128	1523	790
2020-06-07 11:31:24	34882606	218668	1102	791	133	647	attack	128	76	792
2020-06-07 11:31:24	34882606	639366	1386	791	25	668	conquer	128	1332	792
2020-06-07 11:32:00	34882608	699603	1072	791	506	3591	defense	128	1072	791
2020-06-07 11:32:01	34882609	722244	1693	791	349	1648	defense	128	1693	791
2020-06-07 11:32:09	34882610	574262	1611	792	110	291	defense	128	1611	792
2020-06-07 11:32:12	34882611	643945	1072	791	247	1255	attack	128	1523	790
2020-06-07 11:32:44	34882613	574262	1611	792	110	301	defense	128	1611	792
2020-06-07 11:32:44	34882614	673785	1523	790	139	1464	attack	128	1072	791
2020-06-07 11:33:15	34882617	731311	1170	790	278	916	attack	128	1102	791
2020-06-07 11:33:15	34882617	639366	1386	791	25	917	defense	128	1386	791
2020-06-07 11:33:39	34882621	705980	1704	790	506	506	attack	128	1072	791
2020-06-07 11:34:00	34882622	699603	1072	791	506	600	defense	128	1072	791
2020-06-07 11:34:19	34882624	6584	76	792	287	7718	conquer	128	750	790
2020-06-07 11:34:36	34882625	705980	1704	790	506	198	attack	128	1072	791
2020-06-07 11:34:54	34882627	711001	1102	791	87	834	attack	128	1678	790
2020-06-07 11:34:54	34882627	218668	1102	791	133	772	attack	128	76	792
2020-06-07 11:35:05	34882629	705980	1704	790	506	198	attack	128	1072	791
2020-06-07 11:35:16	34882630	731311	1170	790	278	1053	conquer	128	1102	791
2020-06-07 11:35:16	34882630	639366	1386	791	25	892	defense	128	1386	791
2020-06-07 11:35:53	34882634	705980	1704	790	506	351	attack	128	1072	791
2020-06-07 11:35:59	34882635	730197	750	790	450	764	ally	128	1523	790
2020-06-07 11:36:47	34882637	643945	1072	791	247	769	conquer	128	1523	790
2020-06-07 11:36:48	34882638	705980	1704	790	506	350	attack	128	1072	791
2020-06-07 11:37:35	34882644	705980	1704	790	506	342	attack	128	1072	791
2020-06-07 11:37:54	34882649	711001	1102	791	87	1198	conquer	128	1678	790
2020-06-07 11:37:54	34882649	218668	1102	791	133	1219	attack	128	76	792
2020-06-07 11:38:04	34882651	6584	76	792	287	2599	defense	128	76	792
2020-06-07 11:38:05	34882652	699603	1072	791	506	7346	defense	128	1072	791
2020-06-07 11:38:15	34882655	639366	1386	791	109	1542	conquer	128	1332	792
2020-06-07 11:38:32	34882657	730197	750	790	450	579	ally	128	1523	790
2020-06-07 11:38:50	34882660	705980	1704	790	506	508	attack	128	1072	791
2020-06-07 11:39:04	34882661	6584	76	792	287	544	defense	128	76	792
2020-06-07 11:39:45	34882663	705980	1704	790	506	405	attack	128	1072	791
2020-06-07 11:39:49	34882664	730197	750	790	450	649	ally	128	1523	790
2020-06-07 11:39:51	34882665	711001	1102	791	87	918	defense	128	1102	791
2020-06-07 11:39:51	34882665	218668	1102	791	133	891	attack	128	76	792
2020-06-07 11:40:05	34882670	639366	1386	791	109	959	defense	128	1386	791
2020-06-07 11:40:47	34882674	705980	1704	790	506	460	attack	128	1072	791
2020-06-07 11:40:52	34882676	730197	750	790	450	484	ally	128	1523	790
2020-06-07 11:41:02	34882677	6584	76	792	287	989	defense	128	76	792
2020-06-07 11:41:23	34882679	711001	1102	791	87	277	defense	128	1102	791
2020-06-07 11:41:31	34882680	643945	1072	791	247	640	defense	128	1072	791
2020-06-07 11:42:06	34882683	639366	1386	791	109	1084	defense	128	1386	791
2020-06-07 11:42:12	34882684	673785	1523	790	247	2160	conquer	128	1072	791
2020-06-07 11:42:21	34882685	700292	1678	790	446	541	defense	128	1678	790
2020-06-07 11:42:26	34882686	711001	1102	791	87	450	defense	128	1102	791
2020-06-07 11:42:45	34882688	643945	1072	791	247	1305	attack	128	1523	790
2020-06-07 11:44:00	34882691	218668	1102	791	133	1733	attack	128	76	792
2020-06-07 11:44:42	34882694	711001	1102	791	87	1118	defense	128	1102	791
2020-06-07 11:45:06	34882696	673785	1523	790	247	1701	defense	128	1523	790
2020-06-07 11:45:57	34882699	575972	76	792	323	10000	defense	128	76	792
2020-06-07 11:46:49	34882707	722009	1693	791	382	197	ally	128	41	791
2020-06-07 11:47:04	34882708	218668	1102	791	133	1573	attack	128	76	792
2020-06-07 11:48:25	34882717	722009	1693	791	382	499	ally	128	41	791
2020-06-07 11:49:38	34882722	675198	1332	792	446	7466	attack	128	1678	790
2020-06-07 11:50:04	34882726	699603	1072	791	506	596	defense	128	1072	791
2020-06-07 11:50:08	34882728	218668	1102	791	133	1101	attack	128	76	792
2020-06-07 11:50:12	34882731	722009	1693	791	382	279	ally	128	41	791
2020-06-07 11:50:36	34882733	266171	76	792	446	10000	conquer	128	1678	790
2020-06-07 11:50:41	34882734	574262	1611	792	110	260	defense	128	1611	792
2020-06-07 11:50:50	34882736	673785	1523	790	247	3169	defense	128	1523	790
2020-06-07 11:51:39	34882742	574262	1611	792	110	1947	defense	128	1611	792
2020-06-07 11:52:29	34882745	722009	1693	791	382	233	ally	128	41	791
2020-06-07 11:52:36	34882747	574262	1611	792	110	1793	defense	128	1611	792
2020-06-07 11:53:37	34882754	722009	1693	791	382	415	ally	128	41	791
2020-06-07 11:53:41	34882756	511002	26	790	171	518	ally	128	1678	790
2020-06-07 11:54:04	34882759	218668	1102	791	133	1158	attack	128	76	792
2020-06-07 11:54:16	34882761	511002	26	790	171	518	ally	128	1678	790
2020-06-07 11:54:50	34882766	711001	1102	791	171	1285	attack	128	1678	790
2020-06-07 11:55:39	34882772	722009	1693	791	382	620	ally	128	41	791
2020-06-07 11:55:58	34882777	575972	76	792	287	10000	defense	128	76	792
2020-06-07 11:56:31	34882780	218668	1102	791	133	1238	attack	128	76	792
2020-06-07 11:57:12	34882787	699603	1072	791	506	489	defense	128	1072	791
2020-06-07 11:58:20	34882796	711001	1102	791	171	1375	attack	128	1678	790
2020-06-07 11:58:44	34882800	666564	1072	791	470	3707	conquer	128	76	792
2020-06-07 11:58:57	34882803	722009	1693	791	382	1543	ally	128	41	791
2020-06-07 11:59:03	34882804	34881	26	790	59	660	ally	128	1678	790
2020-06-07 11:59:46	34882808	34881	26	790	59	876	ally	128	1678	790
2020-06-07 11:59:52	34882809	700292	1678	790	446	557	attack	128	76	792
2020-06-07 11:59:56	34882810	666564	1072	791	470	2227	defense	128	1072	791
2020-06-07 12:00:40	34882814	511002	26	790	171	5041	ally	128	1678	790
2020-06-07 12:01:09	34882820	34881	26	790	59	1068	ally	128	1678	790
2020-06-07 12:01:24	34882821	218668	1102	791	133	1749	attack	128	76	792
2020-06-07 12:01:24	34882822	722009	1693	791	382	196	ally	128	41	791
2020-06-07 12:01:32	34882823	599106	1072	791	80	5454	defense	128	1072	791
2020-06-07 12:01:51	34882825	34881	26	790	59	862	ally	128	1678	790
2020-06-07 12:02:34	34882827	668223	76	792	287	10000	defense	128	76	792
2020-06-07 12:03:01	34882830	736245	1678	790	264	2889	attack	128	1072	791
2020-06-07 12:03:28	34882835	722009	1693	791	382	234	ally	128	41	791
2020-06-07 12:03:53	34882838	736245	1678	790	264	990	attack	128	1072	791
2020-06-07 12:04:16	34882840	722009	1693	791	382	174	ally	128	41	791
2020-06-07 12:04:24	34882841	675198	1332	792	167	2223	attack	128	1678	790
2020-06-07 12:04:31	34882842	736245	1678	790	264	189	attack	128	1072	791
2020-06-07 12:05:29	34882847	722009	1693	791	382	534	ally	128	41	791
2020-06-07 12:05:33	34882848	736245	1678	790	264	1628	conquer	128	1072	791
2020-06-07 12:05:34	34882849	542660	750	790	171	2049	ally	128	1678	790
2020-06-07 12:06:10	34882853	675198	1332	792	167	1022	attack	128	1678	790
2020-06-07 12:06:27	34882854	640530	1072	791	80	7475	defense	128	1072	791
2020-06-07 12:06:50	34882859	218668	1102	791	133	2771	attack	128	76	792
2020-06-07 12:06:56	34882861	722009	1693	791	382	593	ally	128	41	791
2020-06-07 12:08:01	34882866	499170	41	791	146	2409	ally	128	1072	791
2020-06-07 12:08:14	34882869	668223	76	792	287	10000	defense	128	76	792
2020-06-07 12:08:22	34882870	722009	1693	791	382	193	ally	128	41	791
2020-06-07 12:08:25	34882871	699603	1072	791	506	652	defense	128	1072	791
2020-06-07 12:08:39	34882873	700292	1678	790	446	570	attack	128	76	792
2020-06-07 12:09:11	34882877	722009	1693	791	382	263	ally	128	41	791
2020-06-07 12:09:18	34882878	675198	1332	792	167	1892	conquer	128	1678	790
2020-06-07 12:09:23	34882881	700292	1678	790	446	374	attack	128	76	792
2020-06-07 12:10:01	34882884	722009	1693	791	382	452	ally	128	41	791
2020-06-07 12:10:19	34882886	620285	750	790	287	986	attack	128	76	792
2020-06-07 12:10:42	34882888	702451	1523	790	446	3625	conquer	128	76	792
2020-06-07 12:10:57	34882890	218668	1102	791	133	1911	attack	128	76	792
2020-06-07 12:11:40	34882894	722009	1693	791	382	607	ally	128	41	791
2020-06-07 12:13:03	34882901	675198	1332	792	325	1907	attack	128	1678	790
2020-06-07 12:13:11	34882903	722009	1693	791	382	303	ally	128	41	791
2020-06-07 12:13:43	34882906	700292	1678	790	446	662	ally	128	1523	790
2020-06-07 12:14:38	34882911	324167	1523	790	323	1388	attack	128	76	792
2020-06-07 12:14:45	34882913	620285	750	790	287	1442	attack	128	76	792
2020-06-07 12:15:15	34882915	675198	1332	792	325	1157	conquer	128	1678	790
2020-06-07 12:15:43	34882917	668223	76	792	287	10000	defense	128	76	792
2020-06-07 12:16:00	34882920	218668	1102	791	133	2666	attack	128	76	792
2020-06-07 12:16:07	34882922	722009	1693	791	382	369	ally	128	41	791
2020-06-07 12:16:23	34882923	620285	750	790	287	790	attack	128	76	792
2020-06-07 12:16:47	34882925	700292	1678	790	446	1335	ally	128	1523	790
2020-06-07 12:16:51	34882926	324167	1523	790	323	1540	attack	128	76	792
2020-06-07 12:17:53	34882933	700292	1678	790	446	548	ally	128	1523	790
2020-06-07 12:18:19	34882936	620285	750	790	287	937	attack	128	76	792
2020-06-07 12:18:21	34882937	324167	1523	790	323	970	attack	128	76	792
2020-06-07 12:18:41	34882939	700292	1678	790	446	426	ally	128	1523	790
2020-06-07 12:19:41	34882946	218668	1102	791	133	1752	attack	128	76	792
2020-06-07 12:20:11	34882948	620285	750	790	287	1107	attack	128	76	792
2020-06-07 12:21:40	34882959	700292	1678	790	446	675	ally	128	1523	790
2020-06-07 12:22:20	34882962	675198	1332	792	325	1473	defense	128	1332	792
2020-06-07 12:23:31	34882970	153	26	790	151	353	defense	128	26	790
2020-06-07 12:24:43	34882975	675198	1332	792	325	1267	defense	128	1332	792
2020-06-07 12:26:09	34882985	632475	26	790	450	756	ally	128	1523	790
2020-06-07 12:27:08	34882991	55094	1678	790	167	2372	conquer	128	1332	792
2020-06-07 12:27:16	34882992	218668	1102	791	133	591	attack	128	76	792
2020-06-07 12:28:25	34882996	700292	1678	790	167	1908	defense	128	1678	790
2020-06-07 12:29:11	34883000	675198	1332	792	261	1433	attack	128	1523	790
2020-06-07 12:29:49	34883003	324167	1523	790	323	10000	attack	128	76	792
2020-06-07 12:30:39	34883006	218668	1102	791	133	1841	conquer	128	76	792
2020-06-07 12:31:00	34883008	55094	1678	790	325	2333	attack	128	1332	792
2020-06-07 12:32:48	34883014	551384	1678	790	446	1364	ally	128	1523	790
2020-06-07 12:32:49	34883015	704260	1704	790	167	1233	ally	128	1678	790
2020-06-07 12:32:49	34883015	675198	1332	792	261	1772	attack	128	1523	790
2020-06-07 12:33:11	34883018	599106	1072	791	80	1372	defense	128	1072	791
2020-06-07 12:34:28	34883022	218668	1102	791	133	1976	defense	128	1102	791
2020-06-07 12:34:35	34883024	55094	1678	790	325	2317	conquer	128	1332	792
2020-06-07 12:34:36	34883026	722009	1693	791	382	306	ally	128	41	791
2020-06-07 12:35:11	34883029	551384	1678	790	446	1332	ally	128	1523	790
2020-06-07 12:35:36	34883033	704260	1704	790	167	165	ally	128	1678	790
2020-06-07 12:36:12	34883038	722009	1693	791	382	499	ally	128	41	791
2020-06-07 12:36:18	34883041	700292	1678	790	325	866	defense	128	1678	790
2020-06-07 12:37:16	34883049	551384	1678	790	446	1349	ally	128	1523	790
2020-06-07 12:37:26	34883051	722009	1693	791	382	518	ally	128	41	791
2020-06-07 12:38:06	34883055	599106	1072	791	80	1951	defense	128	1072	791
2020-06-07 12:39:15	34883064	599106	1072	791	80	939	defense	128	1072	791
2020-06-07 12:39:50	34883066	551384	1678	790	446	1314	ally	128	1523	790
2020-06-07 12:40:27	34883067	722009	1693	791	382	409	ally	128	41	791
2020-06-07 12:41:54	34883077	551384	1678	790	446	1344	ally	128	1523	790
2020-06-07 12:42:07	34883081	722009	1693	791	382	495	ally	128	41	791
2020-06-07 12:42:13	34883083	599106	1072	791	80	1234	defense	128	1072	791
2020-06-07 12:45:33	34883107	722009	1693	791	382	1104	ally	128	41	791
2020-06-07 12:46:50	34883116	722009	1693	791	382	334	ally	128	41	791
2020-06-07 12:47:16	34883121	722244	1693	791	194	7030	attack	128	1523	790
2020-06-07 12:48:00	34883127	722009	1693	791	382	373	ally	128	41	791
2020-06-07 12:50:53	34883150	722244	1693	791	194	10000	conquer	128	1523	790
2020-06-07 12:51:18	34883153	734246	1693	791	506	1697	ally	128	1072	791
2020-06-07 12:51:54	34883159	719403	1693	791	181	1691	ally	128	1386	791
2020-06-07 12:52:01	34883161	6584	76	792	287	2717	defense	128	76	792
2020-06-07 12:52:22	34883165	719403	1693	791	181	379	ally	128	1386	791
2020-06-07 12:52:47	34883167	722009	1693	791	382	1358	ally	128	41	791
2020-06-07 12:53:21	34883169	719403	1693	791	181	1178	ally	128	1386	791
2020-06-07 12:54:26	34883177	722009	1693	791	382	803	ally	128	41	791
2020-06-07 12:55:33	34883183	734246	1693	791	506	5744	ally	128	1072	791
2020-06-07 12:55:57	34883188	722009	1693	791	382	276	ally	128	41	791
2020-06-07 12:57:10	34883194	617117	76	792	470	593	attack	128	1072	791
2020-06-07 12:57:40	34883196	722009	1693	791	382	563	ally	128	41	791
2020-06-07 12:58:56	34883206	617117	76	792	470	719	attack	128	1072	791
2020-06-07 13:01:00	34883218	704260	1704	790	287	10000	attack	128	76	792
2020-06-07 13:02:11	34883223	617117	76	792	470	1005	attack	128	1072	791
2020-06-07 13:02:51	34883227	617117	76	792	470	324	attack	128	1072	791
2020-06-07 13:03:25	34883230	218668	1102	791	360	2610	conquer	128	1332	792
2020-06-07 13:04:03	34883233	722030	750	790	323	10000	attack	128	76	792
2020-06-07 13:04:38	34883236	48387	1678	790	87	1355	attack	128	1102	791
2020-06-07 13:05:27	34883240	489307	26	790	87	1212	attack	128	1102	791
2020-06-07 13:05:32	34883241	699603	1072	791	479	8022	conquer	128	1523	790
2020-06-07 13:06:20	34883247	48387	1678	790	87	401	attack	128	1102	791
2020-06-07 13:07:11	34883251	511002	26	790	498	612	attack	128	1102	791
2020-06-07 13:07:11	34883252	731311	1170	790	498	2009	attack	128	1102	791
2020-06-07 13:07:13	34883253	722244	1693	791	194	10000	defense	128	1693	791
2020-06-07 13:07:18	34883255	515415	1678	790	450	1549	ally	128	1523	790
2020-06-07 13:07:50	34883257	48387	1678	790	87	943	conquer	128	1102	791
2020-06-07 13:07:53	34883258	730197	750	790	450	10000	ally	128	1523	790
2020-06-07 13:08:25	34883261	511002	26	790	498	657	attack	128	1102	791
2020-06-07 13:09:29	34883264	515415	1678	790	450	3072	ally	128	1523	790
2020-06-07 13:09:35	34883266	326930	1072	791	110	10000	attack	128	1611	792
2020-06-07 13:09:35	34883267	511002	26	790	498	713	conquer	128	1102	791
2020-06-07 13:10:11	34883270	218668	1102	791	360	2607	defense	128	1102	791
2020-06-07 13:10:42	34883272	511002	26	790	498	712	defense	128	26	790
2020-06-07 13:11:02	34883274	731311	1170	790	498	1900	ally	128	26	790
2020-06-07 13:11:40	34883277	48387	1678	790	87	1297	defense	128	1678	790
2020-06-07 13:11:49	34883279	511002	26	790	498	673	defense	128	26	790
2020-06-07 13:13:47	34883291	489307	26	790	87	5245	ally	128	1678	790
2020-06-07 13:13:47	34883292	673785	1523	790	139	1843	attack	128	1072	791
2020-06-07 13:15:35	34883300	48387	1678	790	87	1589	defense	128	1678	790
2020-06-07 13:17:22	34883307	705980	1704	790	479	2101	conquer	128	1072	791
2020-06-07 13:18:21	34883311	673785	1523	790	139	1218	attack	128	1072	791
2020-06-07 13:18:57	34883312	617117	76	792	470	552	attack	128	1072	791
2020-06-07 13:19:23	34883314	617117	76	792	470	247	attack	128	1072	791
2020-06-07 13:19:25	34883316	326930	1072	791	110	10000	attack	128	1611	792
2020-06-07 13:20:47	34883319	620285	750	790	287	3652	attack	128	76	792
2020-06-07 13:21:01	34883321	55094	1678	790	446	1783	ally	128	1523	790
2020-06-07 13:21:19	34883322	705980	1704	790	479	1156	defense	128	1704	790
2020-06-07 13:21:29	34883323	617117	76	792	470	515	attack	128	1072	791
2020-06-07 13:21:56	34883326	620285	750	790	287	701	attack	128	76	792
2020-06-07 13:22:27	34883327	6584	76	792	287	1777	defense	128	76	792
2020-06-07 13:22:47	34883329	617117	76	792	470	344	conquer	128	1072	791
2020-06-07 13:23:23	34883331	55094	1678	790	446	1345	ally	128	1523	790
2020-06-07 13:23:27	34883332	670081	1332	792	133	1056	attack	128	1102	791
2020-06-07 13:23:50	34883334	740054	1611	792	90	636	ally	128	1332	792
2020-06-07 13:24:42	34883337	48387	1678	790	111	1544	conquer	128	1102	791
2020-06-07 13:24:46	34883339	617117	76	792	470	867	defense	128	76	792
2020-06-07 13:25:01	34883341	673785	1523	790	139	1575	attack	128	1072	791
2020-06-07 13:25:15	34883343	670081	1332	792	133	1133	attack	128	1102	791
2020-06-07 13:25:59	34883346	55094	1678	790	446	1537	ally	128	1523	790
2020-06-07 13:25:59	34883346	620285	750	790	287	1533	attack	128	76	792
2020-06-07 13:26:00	34883347	326930	1072	791	110	4990	conquer	128	1611	792
2020-06-07 13:26:49	34883350	617117	76	792	470	686	defense	128	76	792
2020-06-07 13:27:07	34883353	670081	1332	792	133	1267	conquer	128	1102	791
2020-06-07 13:27:16	34883355	48387	1678	790	111	1291	defense	128	1678	790
2020-06-07 13:27:16	34883355	489307	26	790	87	1289	ally	128	1678	790
2020-06-07 13:27:18	34883356	218668	1102	791	264	2401	conquer	128	1678	790
2020-06-07 13:27:42	34883358	705980	1704	790	194	1488	attack	128	1693	791
2020-06-07 13:28:20	34883360	55094	1678	790	446	1325	ally	128	1523	790
2020-06-07 13:28:20	34883360	620285	750	790	287	1323	attack	128	76	792
2020-06-07 13:28:25	34883361	515415	1678	790	450	10000	ally	128	1523	790
2020-06-07 13:29:35	34883367	55094	1678	790	446	1477	ally	128	1523	790
2020-06-07 13:29:35	34883367	489307	26	790	87	1473	ally	128	1678	790
2020-06-07 13:29:56	34883368	705980	1704	790	194	830	attack	128	1693	791
2020-06-07 13:29:56	34883368	717172	1693	791	139	878	ally	128	1072	791
2020-06-07 13:30:11	34883369	6584	76	792	287	643	defense	128	76	792
2020-06-07 13:30:17	34883371	326930	1072	791	110	8707	defense	128	1072	791
2020-06-07 13:31:01	34883375	48387	1678	790	111	1598	defense	128	1678	790
2020-06-07 13:31:02	34883376	6584	76	792	287	1313	defense	128	76	792
2020-06-07 13:31:15	34883379	617117	76	792	470	332	defense	128	76	792
2020-06-07 13:31:16	34883380	515415	1678	790	450	2416	ally	128	1523	790
2020-06-07 13:31:27	34883382	673785	1523	790	139	2694	attack	128	1072	791
2020-06-07 13:31:43	34883384	617117	76	792	470	292	defense	128	76	792
2020-06-07 13:32:18	34883388	620285	750	790	287	1394	attack	128	76	792
2020-06-07 13:33:20	34883398	511002	26	790	382	651	attack	128	41	791
2020-06-07 13:33:37	34883401	620285	750	790	287	1389	attack	128	76	792
2020-06-07 13:33:37	34883401	489307	26	790	87	1386	ally	128	1678	790
2020-06-07 13:33:37	34883401	731311	1170	790	498	1383	ally	128	26	790
2020-06-07 13:33:52	34883403	85	76	792	323	7685	defense	128	76	792
2020-06-07 13:34:32	34883406	617117	76	792	470	624	defense	128	76	792
2020-06-07 13:34:57	34883409	48387	1678	790	111	1644	defense	128	1678	790
2020-06-07 13:34:57	34883409	698482	1678	790	139	1640	attack	128	1072	791
2020-06-07 13:35:02	34883410	511002	26	790	382	643	attack	128	41	791
2020-06-07 13:35:06	34883411	673785	1523	790	139	1695	conquer	128	1072	791
2020-06-07 13:35:24	34883412	218668	1102	791	264	2517	defense	128	1102	791
2020-06-07 13:36:59	34883417	670081	1332	792	65	8868	attack	128	1693	791
2020-06-07 13:37:00	34883418	361	1072	791	247	1168	attack	128	1523	790
2020-06-07 13:37:18	34883420	48387	1678	790	111	1267	defense	128	1678	790
2020-06-07 13:37:18	34883420	489307	26	790	87	1264	ally	128	1678	790
2020-06-07 13:37:42	34883423	361	1072	791	247	299	attack	128	1523	790
2020-06-07 13:38:08	34883425	511002	26	790	382	1227	attack	128	41	791
2020-06-07 13:38:08	34883425	670081	1332	792	65	1328	attack	128	1693	791
2020-06-07 13:38:36	34883426	620285	750	790	287	1446	attack	128	76	792
2020-06-07 13:38:36	34883426	489307	26	790	87	1443	ally	128	1678	790
2020-06-07 13:38:52	34883428	361	1072	791	247	373	attack	128	1523	790
2020-06-07 13:39:08	34883430	670081	1332	792	65	1632	attack	128	1693	791
2020-06-07 13:39:08	34883430	330606	517	792	414	1628	ally	128	76	792
2020-06-07 13:39:15	34883431	617117	76	792	470	932	defense	128	76	792
2020-06-07 13:39:41	34883433	361	1072	791	247	981	attack	128	1523	790
2020-06-07 13:39:56	34883435	48387	1678	790	111	1339	defense	128	1678	790
2020-06-07 13:39:56	34883435	489307	26	790	87	1336	ally	128	1678	790
2020-06-07 13:40:12	34883437	673785	1523	790	139	2046	defense	128	1523	790
2020-06-07 13:40:17	34883438	361	1072	791	247	608	attack	128	1523	790
2020-06-07 13:40:18	34883439	574262	1611	792	110	351	attack	128	1072	791
2020-06-07 13:40:19	34883440	617117	76	792	470	566	defense	128	76	792
2020-06-07 13:40:22	34883441	670081	1332	792	65	1530	attack	128	1693	791
2020-06-07 13:40:22	34883441	330606	517	792	414	1581	ally	128	76	792
2020-06-07 13:40:36	34883442	218668	1102	791	247	2161	conquer	128	1523	790
2020-06-07 13:40:54	34883444	153	26	790	334	813	attack	128	41	791
2020-06-07 13:41:04	34883446	617117	76	792	470	372	defense	128	76	792
2020-06-07 13:41:12	34883447	489307	26	790	87	1548	ally	128	1678	790
2020-06-07 13:41:12	34883447	581632	76	792	21	1676	attack	128	1693	791
2020-06-07 13:41:12	34883447	620285	750	790	287	1544	attack	128	76	792
2020-06-07 13:41:16	34883448	670081	1332	792	65	835	conquer	128	1693	791
2020-06-07 13:41:28	34883449	153	26	790	334	289	attack	128	41	791
2020-06-07 13:41:50	34883450	617117	76	792	470	398	defense	128	76	792
2020-06-07 13:42:32	34883455	620285	750	790	287	1608	attack	128	76	792
2020-06-07 13:42:32	34883455	489307	26	790	87	1604	ally	128	1678	790
2020-06-07 13:43:03	34883458	617117	76	792	470	680	defense	128	76	792
2020-06-07 13:43:10	34883459	511002	26	790	382	1440	attack	128	41	791
2020-06-07 13:43:11	34883460	153	26	790	334	2140	attack	128	41	791
2020-06-07 13:43:21	34883462	705980	1704	790	194	10000	attack	128	1693	791
2020-06-07 13:43:50	34883466	620285	750	790	287	1463	attack	128	76	792
2020-06-07 13:43:50	34883466	600371	1332	792	124	1629	attack	128	1072	791
2020-06-07 13:43:50	34883466	489307	26	790	87	1459	ally	128	1678	790
2020-06-07 13:44:42	34883470	511002	26	790	382	1401	attack	128	41	791
2020-06-07 13:45:12	34883472	620285	750	790	287	1559	attack	128	76	792
2020-06-07 13:45:12	34883472	581632	76	792	21	1744	attack	128	1693	791
2020-06-07 13:45:16	34883473	361	1072	791	139	3165	attack	128	1523	790
2020-06-07 13:45:43	34883477	673785	1523	790	139	2241	defense	128	1523	790
2020-06-07 13:46:02	34883479	670081	1332	792	21	1560	attack	128	1693	791
2020-06-07 13:46:29	34883482	48387	1678	790	111	1394	defense	128	1678	790
2020-06-07 13:46:29	34883482	188111	41	791	278	1254	conquer	128	1170	790
2020-06-07 13:46:29	34883482	581632	76	792	21	1562	attack	128	1693	791
2020-06-07 13:46:32	34883483	705980	1704	790	194	638	attack	128	1693	791
2020-06-07 13:46:32	34883483	717172	1693	791	139	793	attack	128	1523	790
2020-06-07 13:46:34	34883485	361	1072	791	139	1289	attack	128	1523	790
2020-06-07 13:46:56	34883488	617117	76	792	470	1180	defense	128	76	792
2020-06-07 13:47:23	34883490	670081	1332	792	21	1997	attack	128	1693	791
2020-06-07 13:47:33	34883491	617117	76	792	470	436	defense	128	76	792
2020-06-07 13:47:47	34883494	489307	26	790	87	1543	ally	128	1678	790
2020-06-07 13:47:47	34883494	48387	1678	790	111	1539	defense	128	1678	790
2020-06-07 13:47:47	34883494	188111	41	791	278	1262	defense	128	41	791
2020-06-07 13:47:56	34883495	361	1072	791	139	1429	conquer	128	1523	790
2020-06-07 13:47:58	34883496	705980	1704	790	194	413	attack	128	1693	791
2020-06-07 13:48:04	34883499	617117	76	792	470	364	defense	128	76	792
2020-06-07 13:48:25	34883501	670081	1332	792	21	1646	attack	128	1693	791
2020-06-07 13:49:05	34883508	48387	1678	790	111	1581	defense	128	1678	790
2020-06-07 13:49:05	34883508	620285	750	790	287	1577	attack	128	76	792
2020-06-07 13:49:05	34883508	581632	76	792	21	1769	attack	128	1693	791
2020-06-07 13:49:21	34883512	617117	76	792	470	433	defense	128	76	792
2020-06-07 13:49:42	34883513	705980	1704	790	194	641	conquer	128	1693	791
2020-06-07 13:50:07	34883516	620285	750	790	287	1033	attack	128	76	792
2020-06-07 13:50:17	34883518	218668	1102	791	247	2422	defense	128	1102	791
2020-06-07 13:50:29	34883519	617117	76	792	470	842	defense	128	76	792
2020-06-07 13:50:42	34883521	670081	1332	792	21	1010	attack	128	1693	791
2020-06-07 13:51:29	34883524	489307	26	790	87	1311	ally	128	1678	790
2020-06-07 13:51:29	34883524	620285	750	790	287	1308	attack	128	76	792
2020-06-07 13:51:29	34883524	581632	76	792	21	1469	attack	128	1693	791
2020-06-07 13:51:32	34883525	670081	1332	792	21	573	attack	128	1693	791
2020-06-07 13:52:46	34883529	55094	1678	790	446	1385	ally	128	1523	790
2020-06-07 13:52:46	34883529	600371	1332	792	124	1554	attack	128	1072	791
2020-06-07 13:52:46	34883529	620285	750	790	287	1381	attack	128	76	792
2020-06-07 13:52:46	34883529	581632	76	792	21	1551	conquer	128	1693	791
2020-06-07 13:53:01	34883530	670081	1332	792	21	2597	ally	128	76	792
2020-06-07 13:54:10	34883536	600371	1332	792	124	2015	attack	128	1072	791
2020-06-07 13:54:10	34883536	489307	26	790	87	1802	ally	128	1678	790
2020-06-07 13:54:10	34883536	581632	76	792	21	2008	defense	128	76	792
2020-06-07 13:54:24	34883537	650498	1072	791	110	556	defense	128	1072	791
2020-06-07 13:54:59	34883540	617117	76	792	470	1042	defense	128	76	792
2020-06-07 13:55:19	34883543	599106	1072	791	80	2441	defense	128	1072	791
2020-06-07 13:55:28	34883544	48387	1678	790	111	1902	defense	128	1678	790
2020-06-07 13:55:28	34883544	600371	1332	792	124	2116	conquer	128	1072	791
2020-06-07 13:55:28	34883544	489307	26	790	87	1896	ally	128	1678	790
2020-06-07 13:55:51	34883546	218668	1102	791	79	2025	attack	128	1678	790
2020-06-07 13:56:12	34883549	673785	1523	790	247	2026	attack	128	1102	791
2020-06-07 13:56:45	34883551	489307	26	790	87	1778	ally	128	1678	790
2020-06-07 13:56:45	34883551	188111	41	791	498	1623	attack	128	26	790
2020-06-07 13:56:51	34883552	650498	1072	791	110	864	defense	128	1072	791
2020-06-07 13:57:38	34883559	650498	1072	791	110	698	defense	128	1072	791
2020-06-07 13:57:59	34883560	489307	26	790	87	1772	ally	128	1678	790
2020-06-07 13:57:59	34883560	188111	41	791	498	1613	attack	128	26	790
2020-06-07 13:58:13	34883562	85	76	792	287	10000	defense	128	76	792
2020-06-07 13:58:58	34883564	650498	1072	791	110	1347	defense	128	1072	791
2020-06-07 13:59:06	34883566	705980	1704	790	349	1911	attack	128	1693	791
2020-06-07 13:59:13	34883568	188111	41	791	498	1409	attack	128	26	790
2020-06-07 13:59:13	34883568	581632	76	792	21	1723	defense	128	76	792
2020-06-07 13:59:21	34883569	617117	76	792	470	267	defense	128	76	792
2020-06-07 13:59:53	34883571	617117	76	792	470	326	defense	128	76	792
2020-06-07 13:59:53	34883572	670081	1332	792	338	1339	attack	128	1693	791
2020-06-07 13:59:57	34883573	218668	1102	791	79	1898	conquer	128	1678	790
2020-06-07 14:00:07	34883574	599106	1072	791	80	4642	defense	128	1072	791
2020-06-07 14:00:27	34883575	489307	26	790	87	1761	ally	128	1678	790
2020-06-07 14:00:27	34883575	581632	76	792	21	1949	defense	128	76	792
2020-06-07 14:00:39	34883577	673785	1523	790	247	2290	conquer	128	1102	791
2020-06-07 14:02:56	34883587	670081	1332	792	338	1882	conquer	128	1693	791
2020-06-07 14:03:38	34883588	670081	1332	792	338	788	defense	128	1332	792
2020-06-07 14:04:17	34883590	583700	1693	791	479	824	attack	128	1704	790
2020-06-07 14:04:38	34883593	218668	1102	791	79	2418	defense	128	1102	791
2020-06-07 14:04:56	34883595	705980	1704	790	349	2058	attack	128	1693	791
2020-06-07 14:06:55	34883610	673785	1523	790	247	1641	defense	128	1523	790
2020-06-07 14:09:38	34883625	599106	1072	791	288	341	attack	128	76	792
2020-06-07 14:10:05	34883627	704260	1704	790	139	1568	conquer	128	1072	791
2020-06-07 14:10:29	34883630	466054	1704	790	506	1481	attack	128	1072	791
2020-06-07 14:11:17	34883636	599106	1072	791	288	464	attack	128	76	792
2020-06-07 14:11:33	34883638	466054	1704	790	506	181	attack	128	1072	791
2020-06-07 14:11:40	34883640	218668	1102	791	247	2255	attack	128	1523	790
2020-06-07 14:12:44	34883646	599106	1072	791	288	1400	attack	128	76	792
2020-06-07 14:12:50	34883648	617117	76	792	470	466	defense	128	76	792
2020-06-07 14:13:00	34883649	673785	1523	790	247	1956	defense	128	1523	790
2020-06-07 14:13:45	34883652	722009	1693	791	382	710	ally	128	41	791
2020-06-07 14:14:57	34883660	575972	76	792	287	10000	defense	128	76	792
2020-06-07 14:15:04	34883661	599106	1072	791	288	855	attack	128	76	792
2020-06-07 14:15:10	34883662	218668	1102	791	247	1659	attack	128	1523	790
2020-06-07 14:15:33	34883665	466054	1704	790	506	2819	attack	128	1072	791
2020-06-07 14:15:38	34883668	705980	1704	790	349	1737	attack	128	1693	791
2020-06-07 14:16:06	34883671	599106	1072	791	288	428	attack	128	76	792
2020-06-07 14:16:08	34883672	722009	1693	791	382	554	ally	128	41	791
2020-06-07 14:16:12	34883673	583700	1693	791	479	352	attack	128	1704	790
2020-06-07 14:16:17	34883674	731727	1693	791	90	1046	attack	128	1332	792
2020-06-07 14:16:22	34883676	617117	76	792	470	1018	defense	128	76	792
2020-06-07 14:16:27	34883677	466054	1704	790	506	318	attack	128	1072	791
2020-06-07 14:17:10	34883683	722009	1693	791	382	476	ally	128	41	791
2020-06-07 14:17:44	34883686	599106	1072	791	288	1500	attack	128	76	792
2020-06-07 14:18:05	34883690	617117	76	792	470	1345	defense	128	76	792
2020-06-07 14:18:31	34883695	673785	1523	790	247	1620	defense	128	1523	790
2020-06-07 14:18:43	34883696	466054	1704	790	506	317	attack	128	1072	791
2020-06-07 14:18:56	34883699	218668	1102	791	247	1589	attack	128	1523	790
2020-06-07 14:19:00	34883700	599106	1072	791	288	1812	attack	128	76	792
2020-06-07 14:19:37	34883706	599106	1072	791	288	661	attack	128	76	792
2020-06-07 14:19:45	34883708	617117	76	792	470	863	defense	128	76	792
2020-06-07 14:20:07	34883712	466054	1704	790	506	247	attack	128	1072	791
2020-06-07 14:20:16	34883714	599106	1072	791	288	750	attack	128	76	792
2020-06-07 14:20:33	34883717	722009	1693	791	382	1394	ally	128	41	791
2020-06-07 14:20:44	34883718	704260	1704	790	139	223	defense	128	1704	790
2020-06-07 14:21:35	34883722	598052	1072	791	479	254	attack	128	1704	790
2020-06-07 14:21:54	34883724	617117	76	792	470	675	defense	128	76	792
2020-06-07 14:22:04	34883726	583700	1693	791	479	562	conquer	128	1704	790
2020-06-07 14:22:04	34883727	218668	1102	791	247	1302	conquer	128	1523	790
2020-06-07 14:22:26	34883729	705980	1704	790	349	679	attack	128	1693	791
2020-06-07 14:22:38	34883730	617117	76	792	470	658	defense	128	76	792
2020-06-07 14:22:55	34883731	598052	1072	791	479	322	ally	128	1693	791
2020-06-07 14:23:15	34883733	673785	1523	790	139	1400	ally	128	1704	790
2020-06-07 14:23:29	34883735	598052	1072	791	479	266	ally	128	1693	791
2020-06-07 14:23:49	34883736	617117	76	792	470	928	defense	128	76	792
2020-06-07 14:23:50	34883737	705980	1704	790	349	491	attack	128	1693	791
2020-06-07 14:23:55	34883738	583700	1693	791	479	635	defense	128	1693	791
2020-06-07 14:24:03	34883740	598052	1072	791	479	280	ally	128	1693	791
2020-06-07 14:24:49	34883745	598052	1072	791	479	418	ally	128	1693	791
2020-06-07 14:25:14	34883747	218668	1102	791	247	1594	defense	128	1102	791
2020-06-07 14:25:15	34883748	575972	76	792	287	10000	defense	128	76	792
2020-06-07 14:25:52	34883749	598052	1072	791	479	535	ally	128	1693	791
2020-06-07 14:26:17	34883752	46630	1072	791	124	540	attack	128	1332	792
2020-06-07 14:26:30	34883754	598052	1072	791	479	333	ally	128	1693	791
2020-06-07 14:26:46	34883755	617117	76	792	470	1193	defense	128	76	792
2020-06-07 14:27:03	34883758	598052	1072	791	479	250	ally	128	1693	791
2020-06-07 14:27:17	34883759	673785	1523	790	139	1607	ally	128	1704	790
2020-06-07 14:28:30	34883767	598052	1072	791	479	347	ally	128	1693	791
2020-06-07 14:28:38	34883769	361	1072	791	139	2299	attack	128	1704	790
2020-06-07 14:28:39	34883770	218668	1102	791	247	1602	defense	128	1102	791
2020-06-07 14:29:06	34883773	598052	1072	791	479	289	ally	128	1693	791
2020-06-07 14:29:22	34883775	731311	1170	790	278	1914	conquer	128	41	791
2020-06-07 14:29:50	34883779	104932	76	792	457	1173	attack	128	750	790
2020-06-07 14:29:52	34883780	188111	41	791	498	2504	conquer	128	26	790
2020-06-07 14:30:11	34883782	598052	1072	791	479	1441	ally	128	1693	791
2020-06-07 14:30:12	34883784	48387	1678	790	444	1251	attack	128	1693	791
2020-06-07 14:30:30	34883787	704260	1704	790	139	75	defense	128	1704	790
2020-06-07 14:30:32	34883788	705980	1704	790	349	1925	attack	128	1693	791
2020-06-07 14:30:45	34883791	704260	1704	790	139	106	defense	128	1704	790
2020-06-07 14:31:04	34883794	704260	1704	790	139	149	defense	128	1704	790
2020-06-07 14:31:40	34883799	48387	1678	790	444	555	attack	128	1693	791
2020-06-07 14:31:41	34883801	598052	1072	791	479	3223	ally	128	1693	791
2020-06-07 14:31:57	34883803	104932	76	792	457	1345	attack	128	750	790
2020-06-07 14:32:03	34883804	704260	1704	790	139	493	defense	128	1704	790
2020-06-07 14:32:12	34883806	673785	1523	790	139	1662	ally	128	1704	790
2020-06-07 14:32:42	34883808	598052	1072	791	479	215	ally	128	1693	791
2020-06-07 14:33:01	34883810	704260	1704	790	139	357	defense	128	1704	790
2020-06-07 14:33:18	34883813	731311	1170	790	278	3983	defense	128	1170	790
2020-06-07 14:33:32	34883815	705980	1704	790	349	285	attack	128	1693	791
2020-06-07 14:34:04	34883819	48387	1678	790	444	947	attack	128	1693	791
2020-06-07 14:34:23	34883823	361	1072	791	139	471	attack	128	1704	790
2020-06-07 14:34:39	34883824	704260	1704	790	139	577	defense	128	1704	790
2020-06-07 14:34:44	34883826	104932	76	792	457	1266	attack	128	750	790
2020-06-07 14:35:26	34883829	361	1072	791	139	525	attack	128	1704	790
2020-06-07 14:36:25	34883836	361	1072	791	139	497	attack	128	1704	790
2020-06-07 14:36:49	34883838	104932	76	792	457	1339	conquer	128	750	790
2020-06-07 14:36:50	34883839	524523	750	790	86	2103	ally	128	1523	790
2020-06-07 14:36:55	34883840	705980	1704	790	349	470	attack	128	1693	791
2020-06-07 14:37:14	34883842	673785	1523	790	139	2426	ally	128	1704	790
2020-06-07 14:37:15	34883843	48387	1678	790	444	917	attack	128	1693	791
2020-06-07 14:37:36	34883845	704260	1704	790	139	155	defense	128	1704	790
2020-06-07 14:37:40	34883846	705980	1704	790	349	219	attack	128	1693	791
2020-06-07 14:37:52	34883847	361	1072	791	139	649	attack	128	1704	790
2020-06-07 14:37:53	34883848	704260	1704	790	139	124	defense	128	1704	790
2020-06-07 14:38:04	34883853	704260	1704	790	139	73	defense	128	1704	790
2020-06-07 14:38:32	34883854	704260	1704	790	139	196	defense	128	1704	790
2020-06-07 14:38:40	34883858	704260	1704	790	139	31	defense	128	1704	790
2020-06-07 14:38:53	34883861	104932	76	792	457	1337	defense	128	76	792
2020-06-07 14:39:05	34883863	673785	1523	790	139	885	ally	128	1704	790
2020-06-07 14:39:05	34883864	361	1072	791	139	577	attack	128	1704	790
2020-06-07 14:40:11	34883869	46630	1072	791	139	1159	attack	128	1704	790
2020-06-07 14:40:58	34883872	104932	76	792	457	1323	defense	128	76	792
2020-06-07 14:41:25	34883876	48387	1678	790	444	1182	attack	128	1693	791
2020-06-07 14:41:58	34883881	705980	1704	790	349	482	attack	128	1693	791
2020-06-07 14:42:08	34883882	691443	41	791	171	1616	attack	128	1678	790
2020-06-07 14:42:19	34883883	361	1072	791	139	1802	attack	128	1704	790
2020-06-07 14:43:17	34883888	704260	1704	790	139	358	defense	128	1704	790
2020-06-07 14:43:38	34883890	691443	41	791	171	911	attack	128	1678	790
2020-06-07 14:43:46	34883892	705980	1704	790	349	583	attack	128	1693	791
2020-06-07 14:44:12	34883896	551384	1678	790	79	1139	attack	128	1102	791
2020-06-07 14:44:17	34883897	46630	1072	791	139	1944	attack	128	1704	790
2020-06-07 14:44:37	34883898	361	1072	791	139	1035	attack	128	1704	790
2020-06-07 14:44:41	34883899	673785	1523	790	139	2635	ally	128	1704	790
2020-06-07 14:44:43	34883900	704260	1704	790	139	102	defense	128	1704	790
2020-06-07 14:44:55	34883901	691443	41	791	171	737	attack	128	1678	790
2020-06-07 14:44:55	34883902	104932	76	792	457	1331	defense	128	76	792
2020-06-07 14:45:11	34883903	704260	1704	790	139	92	defense	128	1704	790
2020-06-07 14:45:28	34883907	704260	1704	790	139	82	defense	128	1704	790
2020-06-07 14:45:40	34883910	705980	1704	790	349	585	attack	128	1693	791
2020-06-07 14:46:02	34883912	704260	1704	790	139	294	defense	128	1704	790
2020-06-07 14:46:18	34883915	551384	1678	790	79	1110	attack	128	1102	791
2020-06-07 14:46:24	34883916	704260	1704	790	139	183	defense	128	1704	790
2020-06-07 14:46:30	34883918	524523	750	790	86	1248	ally	128	1523	790
2020-06-07 14:46:44	34883923	704260	1704	790	139	152	defense	128	1704	790
2020-06-07 14:46:55	34883925	46630	1072	791	139	779	attack	128	1704	790
2020-06-07 14:47:00	34883927	104932	76	792	457	1329	defense	128	76	792
2020-06-07 14:47:02	34883928	704260	1704	790	139	132	defense	128	1704	790
2020-06-07 14:47:03	34883929	691443	41	791	171	482	attack	128	1678	790
2020-06-07 14:47:25	34883933	524523	750	790	86	471	ally	128	1523	790
2020-06-07 14:47:50	34883938	705980	1704	790	349	686	attack	128	1693	791
2020-06-07 14:48:09	34883942	691443	41	791	171	468	attack	128	1678	790
2020-06-07 14:48:22	34883944	551384	1678	790	79	1056	attack	128	1102	791
2020-06-07 14:48:43	34883945	673785	1523	790	139	1894	ally	128	1704	790
2020-06-07 14:48:52	34883947	361	1072	791	139	182	attack	128	1704	790
2020-06-07 14:48:56	34883948	691443	41	791	171	379	attack	128	1678	790
2020-06-07 14:49:06	34883949	104932	76	792	457	1326	defense	128	76	792
2020-06-07 14:49:09	34883951	705980	1704	790	349	402	attack	128	1693	791
2020-06-07 14:49:39	34883953	361	1072	791	139	739	attack	128	1704	790
2020-06-07 14:50:00	34883955	691443	41	791	171	600	attack	128	1678	790
2020-06-07 14:50:28	34883958	524523	750	790	86	1020	ally	128	1523	790
2020-06-07 14:50:28	34883959	551384	1678	790	79	1150	conquer	128	1102	791
2020-06-07 14:50:55	34883962	48387	1678	790	444	1936	attack	128	1693	791
2020-06-07 14:51:10	34883964	104932	76	792	457	1323	defense	128	76	792
2020-06-07 14:51:20	34883966	361	1072	791	139	413	attack	128	1704	790
2020-06-07 14:51:21	34883967	524523	750	790	86	406	ally	128	1523	790
2020-06-07 14:52:10	34883974	1806	1693	791	139	10000	conquer	128	1704	790
2020-06-07 14:52:21	34883976	361	1072	791	139	482	ally	128	1693	791
2020-06-07 14:52:25	34883977	711001	1102	791	111	1172	attack	128	1678	790
2020-06-07 14:52:58	34883980	551384	1678	790	79	986	defense	128	1678	790
2020-06-07 14:54:17	34883992	711001	1102	791	111	617	attack	128	1678	790
2020-06-07 14:54:50	34883997	48387	1678	790	444	880	attack	128	1693	791
2020-06-07 14:56:00	34884003	711001	1102	791	111	742	attack	128	1678	790
2020-06-07 14:56:26	34884005	50367	1523	790	446	702	defense	128	1523	790
2020-06-07 14:57:01	34884008	711001	1102	791	111	282	attack	128	1678	790
2020-06-07 14:57:51	34884011	104932	76	792	277	1278	attack	128	1704	790
2020-06-07 14:58:26	34884017	524523	750	790	86	1247	ally	128	1523	790
2020-06-07 14:59:29	34884023	706051	1102	791	79	781	attack	128	1678	790
2020-06-07 14:59:40	34884024	524523	750	790	86	547	ally	128	1523	790
2020-06-07 14:59:56	34884027	104932	76	792	277	1318	attack	128	1704	790
2020-06-07 15:01:46	34884033	524523	750	790	86	1108	ally	128	1523	790
2020-06-07 15:02:01	34884036	104932	76	792	277	1459	attack	128	1704	790
2020-06-07 15:02:35	34884038	673785	1523	790	247	1405	attack	128	1102	791
2020-06-07 15:02:39	34884040	715662	1523	790	444	1402	attack	128	1693	791
2020-06-07 15:02:46	34884041	706051	1102	791	79	1795	conquer	128	1678	790
2020-06-07 15:02:46	34884041	639366	1386	791	194	1787	conquer	128	1704	790
2020-06-07 15:03:20	34884044	711001	1102	791	111	1084	attack	128	1678	790
2020-06-07 15:03:48	34884047	1806	1693	791	139	10000	defense	128	1693	791
2020-06-07 15:04:10	34884048	104932	76	792	277	1480	attack	128	1704	790
2020-06-07 15:05:07	34884051	711001	1102	791	111	800	attack	128	1678	790
2020-06-07 15:06:03	34884053	104932	76	792	277	1190	attack	128	1704	790
2020-06-07 15:06:47	34884056	575972	76	792	91	10000	attack	128	26	790
2020-06-07 15:06:47	34884057	361	1072	791	124	2001	conquer	128	1332	792
2020-06-07 15:07:51	34884061	705980	1704	790	349	3100	attack	128	1693	791
2020-06-07 15:07:53	34884062	711001	1102	791	111	392	attack	128	1678	790
2020-06-07 15:08:08	34884063	104932	76	792	277	1455	attack	128	1704	790
2020-06-07 15:08:12	34884064	706051	1102	791	79	2167	defense	128	1102	791
2020-06-07 15:08:12	34884064	639366	1386	791	194	2238	defense	128	1386	791
2020-06-07 15:08:33	34884065	553122	1072	791	111	489	attack	128	1678	790
2020-06-07 15:09:01	34884066	715662	1523	790	444	1148	attack	128	1693	791
2020-06-07 15:09:38	34884072	711001	1102	791	111	554	attack	128	1678	790
2020-06-07 15:10:13	34884076	104932	76	792	277	1440	conquer	128	1704	790
2020-06-07 15:10:32	34884078	731727	1693	791	338	1477	conquer	128	1332	792
2020-06-07 15:10:49	34884081	673785	1523	790	247	1104	attack	128	1102	791
2020-06-07 15:10:55	34884082	722244	1693	791	281	10000	attack	128	1678	790
2020-06-07 15:11:28	34884083	706051	1102	791	79	1528	defense	128	1102	791
2020-06-07 15:11:41	34884084	666564	1072	791	247	217	ally	128	1102	791
2020-06-07 15:12:14	34884086	104932	76	792	277	1309	defense	128	76	792
2020-06-07 15:12:47	34884088	706051	1102	791	79	638	defense	128	1102	791
2020-06-07 15:13:08	34884090	705980	1704	790	349	1013	attack	128	1693	791
2020-06-07 15:13:52	34884092	706051	1102	791	79	519	defense	128	1102	791
2020-06-07 15:14:29	34884094	670081	1332	792	273	1813	attack	128	1693	791
2020-06-07 15:15:24	34884097	722244	1693	791	281	10000	conquer	128	1678	790
2020-06-07 15:15:26	34884098	706051	1102	791	79	844	defense	128	1102	791
2020-06-07 15:15:47	34884099	715662	1523	790	444	1375	attack	128	1693	791
2020-06-07 15:16:50	34884102	650498	1072	791	111	1202	attack	128	1678	790
2020-06-07 15:17:07	34884103	706051	1102	791	79	804	defense	128	1102	791
2020-06-07 15:17:31	34884104	701159	1693	791	470	193	attack	128	76	792
2020-06-07 15:17:34	34884105	650498	1072	791	111	653	attack	128	1678	790
2020-06-07 15:17:34	34884106	673785	1523	790	247	1402	conquer	128	1102	791
2020-06-07 15:18:07	34884109	153	26	790	498	350	attack	128	41	791
2020-06-07 15:18:10	34884110	104932	76	792	277	1245	defense	128	76	792
2020-06-07 15:18:17	34884112	705980	1704	790	349	2133	attack	128	1693	791
2020-06-07 15:18:21	34884113	466054	1704	790	349	1967	conquer	128	1693	791
2020-06-07 15:19:24	34884116	639366	1386	791	395	1350	attack	128	1523	790
2020-06-07 15:19:24	34884116	706051	1102	791	79	1270	defense	128	1102	791
2020-06-07 15:20:07	34884122	104932	76	792	277	1359	defense	128	76	792
2020-06-07 15:20:30	34884125	715662	1523	790	444	1635	attack	128	1693	791
2020-06-07 15:20:35	34884126	639366	1386	791	395	507	attack	128	1523	790
2020-06-07 15:20:35	34884126	706051	1102	791	79	507	defense	128	1102	791
2020-06-07 15:20:47	34884127	553122	1072	791	111	10000	conquer	128	1678	790
2020-06-07 15:21:27	34884131	706051	1102	791	79	351	defense	128	1102	791
2020-06-07 15:21:27	34884131	639366	1386	791	395	351	attack	128	1523	790
2020-06-07 15:22:11	34884134	104932	76	792	277	1438	defense	128	76	792
2020-06-07 15:23:03	34884137	574262	1611	792	273	8510	conquer	128	1693	791
2020-06-07 15:23:23	34884139	709482	1693	791	80	322	ally	128	1072	791
2020-06-07 15:23:39	34884142	673785	1523	790	247	1727	defense	128	1523	790
2020-06-07 15:23:46	34884143	706051	1102	791	79	1218	defense	128	1102	791
2020-06-07 15:23:46	34884143	639366	1386	791	395	1215	attack	128	1523	790
2020-06-07 15:24:01	34884145	705980	1704	790	194	1931	attack	128	1386	791
2020-06-07 15:24:43	34884152	709482	1693	791	80	360	ally	128	1072	791
2020-06-07 15:24:49	34884153	188111	41	791	278	2354	attack	128	1170	790
2020-06-07 15:25:16	34884155	670081	1332	792	273	1959	ally	128	1611	792
2020-06-07 15:25:46	34884158	709482	1693	791	80	264	ally	128	1072	791
2020-06-07 15:26:16	34884163	670081	1332	792	273	2556	ally	128	1611	792
2020-06-07 15:26:44	34884165	575972	76	792	91	10000	attack	128	26	790
2020-06-07 15:26:45	34884167	709482	1693	791	80	169	ally	128	1072	791
2020-06-07 15:27:24	34884170	330606	517	792	414	728	ally	128	76	792
2020-06-07 15:27:52	34884174	330606	517	792	414	266	ally	128	76	792
2020-06-07 15:27:58	34884176	639366	1386	791	395	1714	attack	128	1523	790
2020-06-07 15:27:58	34884176	706051	1102	791	79	1692	defense	128	1102	791
2020-06-07 15:28:01	34884177	466054	1704	790	479	2066	attack	128	1693	791
2020-06-07 15:28:10	34884178	709482	1693	791	80	175	ally	128	1072	791
2020-06-07 15:28:44	34884179	330606	517	792	414	970	ally	128	76	792
2020-06-07 15:29:13	34884181	731727	1693	791	21	972	attack	128	76	792
2020-06-07 15:29:15	34884183	705980	1704	790	194	2013	conquer	128	1386	791
2020-06-07 15:29:23	34884184	104932	76	792	11	1239	attack	128	1704	790
2020-06-07 15:31:04	34884193	673785	1523	790	247	1092	defense	128	1523	790
2020-06-07 15:31:17	34884195	709482	1693	791	80	300	ally	128	1072	791
2020-06-07 15:31:20	34884196	731727	1693	791	21	921	attack	128	76	792
2020-06-07 15:31:29	34884197	722244	1693	791	349	10000	conquer	128	1704	790
2020-06-07 15:31:40	34884198	104932	76	792	11	1327	attack	128	1704	790
2020-06-07 15:31:53	34884199	466054	1704	790	479	1650	attack	128	1693	791
2020-06-07 15:32:20	34884202	709482	1693	791	80	159	ally	128	1072	791
2020-06-07 15:32:39	34884203	574262	1611	792	418	1772	attack	128	1072	791
2020-06-07 15:33:05	34884207	736245	1678	790	498	785	attack	128	41	791
2020-06-07 15:33:19	34884209	466054	1704	790	479	1651	attack	128	1693	791
2020-06-07 15:33:21	34884210	709482	1693	791	80	342	ally	128	1072	791
2020-06-07 15:33:32	34884212	574262	1611	792	418	1669	attack	128	1072	791
2020-06-07 15:33:38	34884213	104932	76	792	11	1306	attack	128	1704	790
2020-06-07 15:34:02	34884214	639366	1386	791	194	3145	conquer	128	1704	790
2020-06-07 15:34:02	34884214	706051	1102	791	79	3125	defense	128	1102	791
2020-06-07 15:34:02	34884214	704260	1704	790	139	3919	attack	128	1693	791
2020-06-07 15:34:23	34884218	188111	41	791	278	2072	conquer	128	1170	790
2020-06-07 15:34:23	34884219	736245	1678	790	498	584	attack	128	41	791
2020-06-07 15:34:26	34884220	709482	1693	791	80	362	ally	128	1072	791
2020-06-07 15:34:50	34884222	574262	1611	792	418	275	attack	128	1072	791
2020-06-07 15:34:55	34884223	722030	750	790	323	10000	attack	128	76	792
2020-06-07 15:35:07	34884225	673785	1523	790	247	1220	defense	128	1523	790
2020-06-07 15:35:37	34884230	736245	1678	790	498	653	conquer	128	41	791
2020-06-07 15:35:40	34884231	639366	1386	791	194	873	defense	128	1386	791
2020-06-07 15:35:40	34884231	706051	1102	791	79	703	defense	128	1102	791
2020-06-07 15:35:40	34884231	704260	1704	790	139	921	attack	128	1693	791
2020-06-07 15:36:33	34884238	104932	76	792	11	1215	attack	128	1704	790
2020-06-07 15:36:49	34884239	639366	1386	791	194	553	defense	128	1386	791
2020-06-07 15:36:49	34884239	706051	1102	791	79	552	defense	128	1102	791
2020-06-07 15:36:49	34884239	704260	1704	790	139	652	attack	128	1693	791
2020-06-07 15:37:50	34884245	715662	1523	790	111	1382	attack	128	1072	791
2020-06-07 15:38:10	34884246	705980	1704	790	479	1738	attack	128	1693	791
2020-06-07 15:38:41	34884250	104932	76	792	11	1345	attack	128	1704	790
2020-06-07 15:38:42	34884251	639366	1386	791	194	1083	defense	128	1386	791
2020-06-07 15:38:42	34884251	706051	1102	791	79	1080	defense	128	1102	791
2020-06-07 15:38:42	34884251	704260	1704	790	139	1138	attack	128	1693	791
2020-06-07 15:39:00	34884252	583700	1693	791	328	2322	attack	128	1678	790
2020-06-07 15:39:21	34884254	48387	1678	790	111	427	attack	128	1072	791
2020-06-07 15:40:38	34884258	104932	76	792	11	1265	attack	128	1704	790
2020-06-07 15:40:46	34884259	188111	41	791	278	2205	defense	128	41	791
2020-06-07 15:41:12	34884263	46630	1072	791	247	1817	attack	128	1523	790
2020-06-07 15:41:14	34884264	673785	1523	790	247	1194	defense	128	1523	790
2020-06-07 15:41:14	34884265	48387	1678	790	111	973	attack	128	1072	791
2020-06-07 15:41:21	34884266	639366	1386	791	194	1103	defense	128	1386	791
2020-06-07 15:41:21	34884266	704260	1704	790	139	1247	attack	128	1693	791
2020-06-07 15:41:21	34884266	706051	1102	791	79	1339	defense	128	1102	791
2020-06-07 15:42:09	34884267	731727	1693	791	21	904	attack	128	76	792
2020-06-07 15:43:43	34884274	104932	76	792	11	1153	attack	128	1704	790
2020-06-07 15:44:15	34884277	731727	1693	791	21	903	attack	128	76	792
2020-06-07 15:44:22	34884278	670081	1332	792	418	2662	attack	128	1072	791
2020-06-07 15:44:50	34884280	48387	1678	790	111	1017	attack	128	1072	791
2020-06-07 15:45:37	34884282	670081	1332	792	418	938	attack	128	1072	791
2020-06-07 15:45:44	34884283	503570	1693	791	506	251	ally	128	1072	791
2020-06-07 15:45:45	34884285	104932	76	792	11	1341	attack	128	1704	790
2020-06-07 15:45:46	34884286	705980	1704	790	479	1960	conquer	128	1693	791
2020-06-07 15:46:19	34884289	503570	1693	791	506	243	ally	128	1072	791
2020-06-07 15:46:19	34884290	670081	1332	792	418	777	attack	128	1072	791
2020-06-07 15:46:22	34884291	731727	1693	791	21	915	attack	128	76	792
2020-06-07 15:47:16	34884293	503570	1693	791	506	385	ally	128	1072	791
2020-06-07 15:47:49	34884295	104932	76	792	11	1348	attack	128	1704	790
2020-06-07 15:47:53	34884296	324167	1523	790	151	8752	ally	128	26	790
2020-06-07 15:48:03	34884298	670081	1332	792	418	3167	attack	128	1072	791
2020-06-07 15:48:18	34884300	48387	1678	790	111	1052	conquer	128	1072	791
2020-06-07 15:48:21	34884301	503570	1693	791	506	462	ally	128	1072	791
2020-06-07 15:48:25	34884302	188111	41	791	498	2156	conquer	128	1678	790
2020-06-07 15:48:38	34884304	715662	1523	790	111	957	ally	128	1678	790
2020-06-07 15:49:09	34884306	632475	26	790	277	2606	attack	128	76	792
2020-06-07 15:49:47	34884310	706051	1102	791	79	2781	defense	128	1102	791
2020-06-07 15:49:47	34884310	46630	1072	791	247	3121	attack	128	1523	790
2020-06-07 15:50:09	34884311	104932	76	792	11	1253	conquer	128	1704	790
2020-06-07 15:50:28	34884312	731727	1693	791	21	815	attack	128	76	792
2020-06-07 15:50:58	34884314	632475	26	790	277	2220	attack	128	76	792
2020-06-07 15:51:13	34884316	705980	1704	790	479	1918	defense	128	1704	790
2020-06-07 15:51:18	34884317	673785	1523	790	247	1483	defense	128	1523	790
2020-06-07 15:51:20	34884318	48387	1678	790	111	1324	defense	128	1678	790
2020-06-07 15:52:12	34884322	104932	76	792	11	1326	defense	128	76	792
2020-06-07 15:52:31	34884323	511002	26	790	382	569	attack	128	41	791
2020-06-07 15:52:34	34884324	731727	1693	791	21	901	attack	128	76	792
2020-06-07 15:53:05	34884327	632475	26	790	277	1669	conquer	128	76	792
2020-06-07 15:54:31	34884333	104932	76	792	11	1161	defense	128	76	792
2020-06-07 15:54:32	34884334	188111	41	791	498	1931	defense	128	41	791
2020-06-07 15:54:39	34884336	731727	1693	791	21	903	attack	128	76	792
2020-06-07 15:54:42	34884337	511002	26	790	382	548	attack	128	41	791
2020-06-07 15:54:51	34884338	670081	1332	792	418	6008	conquer	128	1072	791
2020-06-07 15:55:32	34884341	632475	26	790	11	962	attack	128	76	792
2020-06-07 15:55:36	34884342	511002	26	790	382	471	attack	128	41	791
2020-06-07 15:55:50	34884345	715662	1523	790	111	1602	ally	128	1678	790
2020-06-07 15:56:09	34884346	673785	1523	790	247	1083	defense	128	1523	790
2020-06-07 15:56:44	34884348	731727	1693	791	21	901	attack	128	76	792
2020-06-07 15:57:02	34884350	639366	1386	791	395	3072	attack	128	1523	790
2020-06-07 15:57:02	34884350	46630	1072	791	247	3051	conquer	128	1523	790
2020-06-07 15:57:17	34884351	632475	26	790	11	3569	conquer	128	76	792
2020-06-07 15:57:20	34884352	705980	1704	790	281	1356	attack	128	1693	791
2020-06-07 15:57:43	34884353	511002	26	790	382	557	attack	128	41	791
2020-06-07 15:58:18	34884354	705980	1704	790	281	1201	attack	128	1693	791
2020-06-07 15:58:48	34884356	731727	1693	791	21	887	conquer	128	76	792
2020-06-07 15:58:50	34884357	511002	26	790	382	546	attack	128	41	791
2020-06-07 15:58:59	34884359	48387	1678	790	444	1557	attack	128	1693	791
2020-06-07 15:59:30	34884363	632475	26	790	277	922	defense	128	26	790
2020-06-07 16:00:59	34884366	632475	26	790	277	2185	defense	128	26	790
2020-06-07 16:01:26	34884369	731727	1693	791	133	1030	attack	128	1332	792
2020-06-07 16:02:12	34884370	48387	1678	790	444	1580	conquer	128	1693	791
2020-06-07 16:02:28	34884372	715662	1523	790	111	1354	ally	128	1678	790
2020-06-07 16:02:30	34884373	632475	26	790	277	2816	defense	128	26	790
2020-06-07 16:02:37	34884375	639366	1386	791	395	758	attack	128	1523	790
2020-06-07 16:02:52	34884376	553122	1072	791	171	10000	attack	128	1678	790
2020-06-07 16:03:33	34884378	731727	1693	791	133	1006	conquer	128	1332	792
2020-06-07 16:03:39	34884379	673785	1523	790	247	1635	conquer	128	1072	791
2020-06-07 16:03:41	34884380	330606	517	792	414	10000	ally	128	76	792
2020-06-07 16:03:42	34884381	689013	1678	790	247	1798	ally	128	1523	790
2020-06-07 16:03:42	34884381	104932	76	792	277	2168	attack	128	26	790
2020-06-07 16:04:56	34884387	639366	1386	791	395	1175	attack	128	1523	790
2020-06-07 16:04:56	34884387	706051	1102	791	171	1186	attack	128	1678	790
2020-06-07 16:05:01	34884388	689013	1678	790	247	2359	ally	128	1523	790
2020-06-07 16:06:01	34884393	731727	1693	791	65	927	conquer	128	1332	792
2020-06-07 16:06:27	34884394	575972	76	792	91	6794	conquer	128	26	790
2020-06-07 16:06:40	34884396	632475	26	790	277	2715	defense	128	26	790
2020-06-07 16:08:38	34884400	715662	1523	790	444	1702	ally	128	1678	790
2020-06-07 16:08:53	34884401	689013	1678	790	247	3703	ally	128	1523	790
2020-06-07 16:08:53	34884401	104932	76	792	277	4473	attack	128	26	790
2020-06-07 16:10:01	34884408	673785	1523	790	247	1536	defense	128	1523	790
2020-06-07 16:10:08	34884409	632475	26	790	287	1867	attack	128	76	792
2020-06-07 16:10:08	34884409	48387	1678	790	444	1861	defense	128	1678	790
2020-06-07 16:10:09	34884410	639366	1386	791	395	2954	conquer	128	1523	790
2020-06-07 16:10:09	34884410	706051	1102	791	171	2365	attack	128	1678	790
2020-06-07 16:10:48	34884412	731727	1693	791	237	1230	attack	128	1332	792
2020-06-07 16:10:48	34884411	731727	1693	791	237	1230	attack	128	1332	792
2020-06-07 16:10:50	34884413	511002	26	790	498	549	attack	128	41	791
2020-06-07 16:10:55	34884414	632475	26	790	287	1053	attack	128	76	792
2020-06-07 16:10:55	34884414	48387	1678	790	444	1051	defense	128	1678	790
2020-06-07 16:11:55	34884417	511002	26	790	498	596	attack	128	41	791
2020-06-07 16:12:12	34884418	104932	76	792	277	2297	attack	128	26	790
2020-06-07 16:12:12	34884418	632475	26	790	287	1885	attack	128	76	792
2020-06-07 16:13:01	34884419	511002	26	790	498	593	attack	128	41	791
2020-06-07 16:13:35	34884422	48387	1678	790	444	1830	defense	128	1678	790
2020-06-07 16:13:53	34884424	731727	1693	791	237	1391	attack	128	1332	792
2020-06-07 16:14:07	34884425	511002	26	790	498	453	attack	128	41	791
2020-06-07 16:14:10	34884427	499170	41	791	146	4359	ally	128	1072	791
2020-06-07 16:14:20	34884428	715662	1523	790	444	1477	ally	128	1678	790
2020-06-07 16:14:20	34884429	673785	1523	790	247	1378	defense	128	1523	790
2020-06-07 16:14:29	34884430	330606	517	792	414	10000	ally	128	76	792
2020-06-07 16:14:53	34884432	48387	1678	790	444	1756	defense	128	1678	790
2020-06-07 16:15:11	34884433	639366	1386	791	395	1098	defense	128	1386	791
2020-06-07 16:15:11	34884433	46630	1072	791	444	1086	attack	128	1678	790
2020-06-07 16:15:11	34884434	511002	26	790	498	576	attack	128	41	791
2020-06-07 16:15:55	34884439	632475	26	790	287	1391	attack	128	76	792
2020-06-07 16:15:55	34884439	48387	1678	790	444	1387	defense	128	1678	790
2020-06-07 16:17:14	34884444	632475	26	790	287	1777	attack	128	76	792
2020-06-07 16:18:07	34884448	574262	1611	792	425	308	attack	128	1072	791
2020-06-07 16:18:07	34884449	499170	41	791	146	4987	ally	128	1072	791
2020-06-07 16:18:08	34884450	511002	26	790	498	2885	conquer	128	41	791
2020-06-07 16:18:24	34884452	632475	26	790	287	1646	attack	128	76	792
2020-06-07 16:18:24	34884452	689013	1678	790	247	1642	ally	128	1523	790
2020-06-07 16:18:53	34884454	639366	1386	791	190	2164	attack	128	1678	790
2020-06-07 16:18:53	34884454	706051	1102	791	171	2145	attack	128	1678	790
2020-06-07 16:18:53	34884454	46630	1072	791	444	2254	attack	128	1678	790
2020-06-07 16:19:01	34884456	574262	1611	792	425	369	attack	128	1072	791
2020-06-07 16:19:29	34884458	715662	1523	790	444	1096	ally	128	1678	790
2020-06-07 16:19:55	34884461	574262	1611	792	425	240	attack	128	1072	791
2020-06-07 16:20:30	34884464	574262	1611	792	425	686	attack	128	1072	791
2020-06-07 16:20:37	34884465	499170	41	791	146	3515	ally	128	1072	791
2020-06-07 16:20:38	34884466	632475	26	790	287	3389	attack	128	76	792
2020-06-07 16:20:38	34884466	689013	1678	790	247	3369	ally	128	1523	790
2020-06-07 16:21:24	34884470	639366	1386	791	190	1018	attack	128	1678	790
2020-06-07 16:21:24	34884470	46630	1072	791	444	1075	attack	128	1678	790
2020-06-07 16:21:24	34884470	706051	1102	791	171	1132	attack	128	1678	790
2020-06-07 16:21:46	34884471	673785	1523	790	139	1640	attack	128	1693	791
2020-06-07 16:21:53	34884472	574262	1611	792	425	1045	attack	128	1072	791
2020-06-07 16:22:16	34884476	361	1072	791	111	385	attack	128	1678	790
2020-06-07 16:22:30	34884477	689013	1678	790	247	1883	ally	128	1523	790
2020-06-07 16:22:30	34884477	48387	1678	790	444	1876	defense	128	1678	790
2020-06-07 16:22:30	34884477	632475	26	790	287	1870	attack	128	76	792
2020-06-07 16:23:32	34884479	361	1072	791	111	526	attack	128	1678	790
2020-06-07 16:24:16	34884484	689013	1678	790	247	2125	ally	128	1523	790
2020-06-07 16:24:25	34884485	361	1072	791	111	384	attack	128	1678	790
2020-06-07 16:25:09	34884489	361	1072	791	111	807	attack	128	1678	790
2020-06-07 16:25:10	34884490	574262	1611	792	425	596	attack	128	1072	791
2020-06-07 16:25:13	34884491	715662	1523	790	444	1141	ally	128	1678	790
2020-06-07 16:25:47	34884493	561036	1332	792	273	1303	ally	128	1611	792
2020-06-07 16:26:05	34884495	361	1072	791	111	383	attack	128	1678	790
2020-06-07 16:26:39	34884497	704260	1704	790	139	882	attack	128	1693	791
2020-06-07 16:26:54	34884499	583700	1693	791	483	4938	attack	128	1678	790
2020-06-07 16:27:11	34884500	361	1072	791	111	472	attack	128	1678	790
2020-06-07 16:27:44	34884501	673785	1523	790	139	1448	attack	128	1693	791
2020-06-07 16:28:27	34884504	583700	1693	791	483	860	attack	128	1678	790
2020-06-07 16:29:04	34884505	361	1072	791	111	409	attack	128	1678	790
2020-06-07 16:29:13	34884506	639366	1386	791	190	1475	attack	128	1678	790
2020-06-07 16:29:13	34884506	46630	1072	791	444	1464	attack	128	1678	790
2020-06-07 16:29:13	34884506	706051	1102	791	171	1337	attack	128	1678	790
2020-06-07 16:29:31	34884508	48387	1678	790	444	1545	defense	128	1678	790
2020-06-07 16:30:06	34884509	715662	1523	790	444	1295	ally	128	1678	790
2020-06-07 16:30:25	34884511	330606	517	792	414	8911	ally	128	76	792
2020-06-07 16:31:16	34884513	704260	1704	790	139	2161	attack	128	1693	791
2020-06-07 16:31:23	34884514	632475	26	790	91	620	conquer	128	76	792
2020-06-07 16:31:47	34884515	639366	1386	791	190	1265	attack	128	1678	790
2020-06-07 16:31:47	34884515	46630	1072	791	444	1279	attack	128	1678	790
2020-06-07 16:31:47	34884515	706051	1102	791	171	287	attack	128	1678	790
2020-06-07 16:33:30	34884518	704260	1704	790	139	1148	attack	128	1693	791
2020-06-07 16:33:40	34884519	675198	1332	792	124	1387	conquer	128	1072	791
2020-06-07 16:34:01	34884520	673785	1523	790	139	1773	attack	128	1693	791
2020-06-07 16:34:32	34884524	683061	76	792	91	898	conquer	128	26	790
2020-06-07 16:35:10	34884526	704260	1704	790	139	821	conquer	128	1693	791
2020-06-07 16:35:26	34884528	330606	517	792	414	4814	ally	128	76	792
2020-06-07 16:36:10	34884532	551384	1678	790	498	1037	ally	128	26	790
2020-06-07 16:36:40	34884535	683061	76	792	91	1405	defense	128	76	792
2020-06-07 16:38:06	34884542	324167	1523	790	151	838	ally	128	26	790
2020-06-07 16:38:06	34884542	46630	1072	791	444	1179	attack	128	1678	790
2020-06-07 16:38:06	34884542	706051	1102	791	171	1191	attack	128	1678	790
2020-06-07 16:38:06	34884541	675198	1332	792	139	1598	conquer	128	1704	790
2020-06-07 16:39:06	34884544	673785	1523	790	139	1483	conquer	128	1332	792
2020-06-07 16:39:07	34884545	551384	1678	790	278	1251	attack	128	41	791
2020-06-07 16:39:14	34884546	683061	76	792	91	1681	defense	128	76	792
2020-06-07 16:40:35	34884551	639366	1386	791	190	1634	attack	128	1678	790
2020-06-07 16:40:35	34884551	46630	1072	791	444	1579	attack	128	1678	790
2020-06-07 16:40:35	34884551	706051	1102	791	171	1621	attack	128	1678	790
2020-06-07 16:41:07	34884553	48387	1678	790	444	1096	defense	128	1678	790
2020-06-07 16:41:09	34884554	715662	1523	790	444	1195	ally	128	1678	790
2020-06-07 16:41:22	34884555	551384	1678	790	278	1058	attack	128	41	791
2020-06-07 16:41:55	34884557	675198	1332	792	139	1319	conquer	128	1523	790
2020-06-07 16:42:04	34884559	639366	1386	791	190	877	attack	128	1678	790
2020-06-07 16:42:04	34884559	46630	1072	791	444	862	attack	128	1678	790
2020-06-07 16:42:04	34884559	706051	1102	791	171	874	attack	128	1678	790
2020-06-07 16:42:08	34884561	104932	76	792	277	1262	conquer	128	26	790
2020-06-07 16:42:10	34884562	683061	76	792	91	1903	defense	128	76	792
2020-06-07 16:42:25	34884564	673785	1523	790	139	833	conquer	128	1332	792
2020-06-07 16:42:25	34884565	567830	1072	791	273	92	attack	128	1611	792
2020-06-07 16:43:17	34884569	104932	76	792	277	721	defense	128	76	792
2020-06-07 16:43:23	34884570	330606	517	792	414	2486	ally	128	76	792
2020-06-07 16:43:26	34884571	551384	1678	790	278	1054	conquer	128	41	791
2020-06-07 16:44:13	34884573	48387	1678	790	444	1401	defense	128	1678	790
2020-06-07 16:44:16	34884574	675198	1332	792	139	695	conquer	128	1523	790
2020-06-07 16:44:41	34884576	639366	1386	791	190	1015	attack	128	1678	790
2020-06-07 16:44:41	34884576	46630	1072	791	444	1012	attack	128	1678	790
2020-06-07 16:45:24	34884579	583700	1693	791	483	3155	attack	128	1678	790
2020-06-07 16:45:26	34884580	683061	76	792	91	2062	defense	128	76	792
2020-06-07 16:46:32	34884584	639366	1386	791	190	1154	attack	128	1678	790
2020-06-07 16:46:32	34884584	46630	1072	791	444	1088	attack	128	1678	790
2020-06-07 16:47:24	34884590	48387	1678	790	444	1413	defense	128	1678	790
2020-06-07 16:47:38	34884592	683061	76	792	91	1417	defense	128	76	792
2020-06-07 16:47:56	34884594	330606	517	792	414	2468	ally	128	76	792
2020-06-07 16:48:07	34884595	449824	1523	790	446	353	defense	128	1523	790
2020-06-07 16:48:19	34884597	675198	1332	792	139	1398	defense	128	1332	792
2020-06-07 16:49:11	34884600	551384	1678	790	334	1319	attack	128	41	791
2020-06-07 16:49:16	34884601	673785	1523	790	139	677	attack	128	1332	792
2020-06-07 16:49:36	34884603	104932	76	792	11	742	attack	128	26	790
2020-06-07 16:49:43	34884604	574262	1611	792	425	1008	attack	128	1072	791
2020-06-07 16:49:58	34884605	724562	76	792	91	6984	defense	128	76	792
2020-06-07 16:50:02	34884606	639366	1386	791	190	1477	attack	128	1678	790
2020-06-07 16:50:02	34884606	46630	1072	791	444	1383	attack	128	1678	790
2020-06-07 16:50:02	34884606	689013	1678	790	247	1784	ally	128	1523	790
2020-06-07 16:50:11	34884608	683061	76	792	91	1616	defense	128	76	792
2020-06-07 16:50:20	34884610	574262	1611	792	425	183	attack	128	1072	791
2020-06-07 16:50:47	34884612	104932	76	792	11	687	attack	128	26	790
2020-06-07 16:51:21	34884613	551384	1678	790	334	1030	attack	128	41	791
2020-06-07 16:51:35	34884614	639366	1386	791	190	909	attack	128	1678	790
2020-06-07 16:51:35	34884614	46630	1072	791	444	916	attack	128	1678	790
2020-06-07 16:51:39	34884615	1806	1693	791	139	2807	conquer	128	1332	792
2020-06-07 16:52:56	34884619	46630	1072	791	444	791	attack	128	1678	790
2020-06-07 16:52:56	34884620	48387	1678	790	444	1363	defense	128	1678	790
2020-06-07 16:53:06	34884622	104932	76	792	11	1108	conquer	128	26	790
2020-06-07 16:53:26	34884624	551384	1678	790	334	1033	attack	128	41	791
2020-06-07 16:53:43	34884628	683061	76	792	91	2199	defense	128	76	792
2020-06-07 16:54:55	34884633	104932	76	792	11	1134	defense	128	76	792
2020-06-07 16:55:00	34884634	704260	1704	790	139	392	attack	128	1693	791
2020-06-07 16:55:03	34884635	683061	76	792	91	736	defense	128	76	792
2020-06-07 16:55:31	34884636	551384	1678	790	334	1030	attack	128	41	791
2020-06-07 16:55:49	34884639	715662	1523	790	7	286	attack	128	1693	791
2020-06-07 16:55:58	34884641	700292	1678	790	79	513	attack	128	1102	791
2020-06-07 16:56:03	34884642	48387	1678	790	444	1367	defense	128	1678	790
2020-06-07 16:56:39	34884643	1806	1693	791	139	10000	defense	128	1693	791
2020-06-07 16:57:01	34884645	704260	1704	790	139	690	attack	128	1693	791
2020-06-07 16:57:02	34884646	700292	1678	790	79	354	attack	128	1102	791
2020-06-07 16:57:17	34884648	46630	1072	791	444	2635	attack	128	1678	790
2020-06-07 16:57:25	34884649	104932	76	792	11	1340	defense	128	76	792
2020-06-07 16:57:36	34884650	551384	1678	790	334	1022	attack	128	41	791
2020-06-07 16:57:53	34884651	683061	76	792	91	1756	defense	128	76	792
2020-06-07 16:58:33	34884654	673785	1523	790	139	1507	attack	128	1693	791
2020-06-07 16:59:17	34884656	722244	1693	791	349	9181	defense	128	1693	791
2020-06-07 16:59:40	34884657	551384	1678	790	334	1017	attack	128	41	791
2020-06-07 16:59:54	34884658	48387	1678	790	444	1359	defense	128	1678	790
2020-06-07 16:59:56	34884659	104932	76	792	11	1511	defense	128	76	792
2020-06-07 16:59:59	34884660	683061	76	792	91	1060	defense	128	76	792
2020-06-07 17:00:39	34884662	561036	1332	792	273	4668	ally	128	1611	792
2020-06-07 17:01:00	34884664	104932	76	792	11	787	defense	128	76	792
2020-06-07 17:01:03	34884665	381518	1693	791	418	522	attack	128	1332	792
2020-06-07 17:01:05	34884666	551384	1678	790	334	587	attack	128	41	791
2020-06-07 17:01:13	34884667	715662	1523	790	7	1539	attack	128	1693	791
2020-06-07 17:01:47	34884669	639366	1386	791	190	3312	conquer	128	1678	790
2020-06-07 17:01:47	34884669	46630	1072	791	444	3246	attack	128	1678	790
2020-06-07 17:02:14	34884670	551384	1678	790	334	585	conquer	128	41	791
2020-06-07 17:02:24	34884671	704260	1704	790	139	1763	attack	128	1693	791
2020-06-07 17:02:53	34884673	324167	1523	790	151	4235	ally	128	26	790
2020-06-07 17:03:08	34884674	104932	76	792	11	1588	defense	128	76	792
2020-06-07 17:03:08	34884675	48387	1678	790	444	1446	defense	128	1678	790
2020-06-07 17:03:28	34884677	673785	1523	790	139	1145	attack	128	1693	791
2020-06-07 17:04:24	34884680	704260	1704	790	139	315	attack	128	1693	791
2020-06-07 17:04:44	34884682	381518	1693	791	418	542	attack	128	1332	792
2020-06-07 17:05:13	34884684	104932	76	792	11	1305	defense	128	76	792
2020-06-07 17:05:30	34884686	700292	1678	790	264	1332	attack	128	1102	791
2020-06-07 17:05:47	34884688	561036	1332	792	273	4178	ally	128	1611	792
2020-06-07 17:06:04	34884689	330606	517	792	414	797	ally	128	76	792
2020-06-07 17:06:16	34884690	48387	1678	790	444	1619	defense	128	1678	790
2020-06-07 17:06:19	34884691	330606	517	792	414	125	ally	128	76	792
2020-06-07 17:06:45	34884695	330606	517	792	414	224	ally	128	76	792
2020-06-07 17:06:58	34884696	639366	1386	791	190	1363	defense	128	1386	791
2020-06-07 17:06:58	34884696	583700	1693	791	483	1359	conquer	128	1678	790
2020-06-07 17:07:28	34884698	330606	517	792	414	421	ally	128	76	792
2020-06-07 17:07:28	34884699	673785	1523	790	139	1145	attack	128	1693	791
2020-06-07 17:07:41	34884701	700292	1678	790	264	1062	attack	128	1102	791
2020-06-07 17:08:41	34884704	330606	517	792	414	771	ally	128	76	792
2020-06-07 17:08:45	34884706	700292	1678	790	264	475	attack	128	1102	791
2020-06-07 17:09:03	34884709	330606	517	792	414	217	ally	128	76	792
2020-06-07 17:09:25	34884711	330606	517	792	414	231	ally	128	76	792
2020-06-07 17:09:35	34884713	700292	1678	790	264	389	attack	128	1102	791
2020-06-07 17:09:54	34884714	330606	517	792	414	325	ally	128	76	792
2020-06-07 17:10:32	34884719	330606	517	792	414	432	ally	128	76	792
2020-06-07 17:10:35	34884720	583700	1693	791	483	433	defense	128	1693	791
2020-06-07 17:11:43	34884725	722244	1693	791	349	6427	defense	128	1693	791
2020-06-07 17:11:46	34884726	583700	1693	791	483	202	defense	128	1693	791
2020-06-07 17:11:46	34884726	639366	1386	791	190	321	defense	128	1386	791
2020-06-07 17:11:54	34884727	705980	1704	790	281	1885	attack	128	1693	791
2020-06-07 17:12:00	34884730	330606	517	792	414	956	ally	128	76	792
2020-06-07 17:12:30	34884731	330606	517	792	414	337	ally	128	76	792
2020-06-07 17:12:41	34884732	715662	1523	790	444	845	ally	128	1678	790
2020-06-07 17:12:57	34884736	583700	1693	791	483	157	defense	128	1693	791
2020-06-07 17:12:57	34884736	706051	1102	791	111	259	attack	128	1678	790
2020-06-07 17:12:57	34884736	639366	1386	791	190	217	defense	128	1386	791
2020-06-07 17:12:59	34884737	330606	517	792	414	351	ally	128	76	792
2020-06-07 17:13:29	34884739	330606	517	792	414	365	ally	128	76	792
2020-06-07 17:13:41	34884740	700292	1678	790	264	1961	conquer	128	1102	791
2020-06-07 17:13:59	34884743	330606	517	792	414	365	ally	128	76	792
2020-06-07 17:14:02	34884744	48387	1678	790	444	1174	defense	128	1678	790
2020-06-07 17:14:03	34884745	583700	1693	791	483	218	defense	128	1693	791
2020-06-07 17:14:03	34884745	706051	1102	791	111	330	attack	128	1678	790
2020-06-07 17:14:03	34884745	639366	1386	791	190	299	defense	128	1386	791
2020-06-07 17:14:43	34884747	673785	1523	790	139	1486	attack	128	1693	791
2020-06-07 17:14:49	34884749	715662	1523	790	444	635	ally	128	1678	790
2020-06-07 17:15:07	34884752	449824	1523	790	446	10000	defense	128	1523	790
2020-06-07 17:15:09	34884753	561036	1332	792	273	9948	ally	128	1611	792
2020-06-07 17:15:20	34884754	330606	517	792	414	1059	ally	128	76	792
2020-06-07 17:15:24	34884755	700292	1678	790	264	659	defense	128	1678	790
2020-06-07 17:15:44	34884757	330606	517	792	414	279	ally	128	76	792
2020-06-07 17:15:55	34884758	583700	1693	791	483	504	defense	128	1693	791
2020-06-07 17:15:55	34884758	706051	1102	791	111	559	attack	128	1678	790
2020-06-07 17:15:55	34884758	639366	1386	791	190	700	defense	128	1386	791
2020-06-07 17:16:07	34884760	330606	517	792	414	279	ally	128	76	792
2020-06-07 17:16:36	34884762	330606	517	792	414	310	ally	128	76	792
2020-06-07 17:16:52	34884764	705980	1704	790	281	1789	attack	128	1693	791
2020-06-07 17:16:58	34884765	48387	1678	790	444	1337	defense	128	1678	790
2020-06-07 17:16:59	34884766	583700	1693	791	483	209	defense	128	1693	791
2020-06-07 17:16:59	34884766	706051	1102	791	111	333	attack	128	1678	790
2020-06-07 17:16:59	34884766	639366	1386	791	190	281	defense	128	1386	791
2020-06-07 17:17:18	34884767	361	1072	791	111	266	attack	128	1678	790
2020-06-07 17:17:25	34884768	330606	517	792	414	660	ally	128	76	792
2020-06-07 17:18:05	34884770	583700	1693	791	483	160	defense	128	1693	791
2020-06-07 17:18:05	34884770	706051	1102	791	111	412	attack	128	1678	790
2020-06-07 17:18:05	34884770	639366	1386	791	190	370	defense	128	1386	791
2020-06-07 17:18:39	34884772	330606	517	792	414	988	ally	128	76	792
2020-06-07 17:19:04	34884775	583700	1693	791	483	194	defense	128	1693	791
2020-06-07 17:19:04	34884775	706051	1102	791	111	247	attack	128	1678	790
2020-06-07 17:19:11	34884776	673785	1523	790	139	2037	attack	128	1693	791
2020-06-07 17:19:24	34884779	490453	1072	791	111	2155	conquer	128	1678	790
2020-06-07 17:19:33	34884781	330606	517	792	414	802	ally	128	76	792
2020-06-07 17:19:38	34884782	361	1072	791	111	348	defense	128	1072	791
2020-06-07 17:19:41	34884783	1806	1693	791	139	10000	defense	128	1693	791
2020-06-07 17:19:56	34884784	330606	517	792	414	298	ally	128	76	792
2020-06-07 17:20:25	34884786	330606	517	792	414	380	ally	128	76	792
2020-06-07 17:20:34	34884787	579325	1523	790	414	381	attack	128	76	792
2020-06-07 17:21:08	34884788	583700	1693	791	483	294	defense	128	1693	791
2020-06-07 17:21:08	34884788	706051	1102	791	111	635	ally	128	1072	791
2020-06-07 17:21:26	34884790	561036	1332	792	273	2693	ally	128	1611	792
2020-06-07 17:21:26	34884791	700292	1678	790	139	2421	attack	128	1693	791
2020-06-07 17:21:28	34884792	330606	517	792	414	893	ally	128	76	792
2020-06-07 17:22:21	34884796	188111	41	791	111	1863	ally	128	1072	791
2020-06-07 17:22:42	34884798	561036	1332	792	273	1491	ally	128	1611	792
2020-06-07 17:22:42	34884798	48387	1678	790	444	1153	defense	128	1678	790
2020-06-07 17:22:42	34884799	700292	1678	790	139	460	attack	128	1693	791
2020-06-07 17:22:54	34884801	330606	517	792	414	1204	ally	128	76	792
2020-06-07 17:23:08	34884802	583700	1693	791	483	506	defense	128	1693	791
2020-06-07 17:23:08	34884802	706051	1102	791	111	472	ally	128	1072	791
2020-06-07 17:23:08	34884802	639366	1386	791	190	754	defense	128	1386	791
2020-06-07 17:23:27	34884805	722244	1693	791	349	6230	defense	128	1693	791
2020-06-07 17:24:09	34884808	490453	1072	791	111	4275	defense	128	1072	791
2020-06-07 17:24:23	34884809	735204	1678	790	139	1593	attack	128	1693	791
2020-06-07 17:24:23	34884809	561036	1332	792	273	2096	ally	128	1611	792
2020-06-07 17:24:28	34884811	330606	517	792	414	1476	ally	128	76	792
2020-06-07 17:24:47	34884813	673785	1523	790	139	2349	attack	128	1693	791
2020-06-07 17:25:00	34884815	490453	1072	791	111	577	defense	128	1072	791
2020-06-07 17:25:04	34884817	551384	1678	790	139	1818	attack	128	1693	791
2020-06-07 17:25:04	34884818	330606	517	792	414	536	ally	128	76	792
2020-06-07 17:25:05	34884819	639366	1386	791	190	701	defense	128	1386	791
2020-06-07 17:25:05	34884819	706051	1102	791	111	679	ally	128	1072	791
2020-06-07 17:25:40	34884823	704260	1704	790	139	692	attack	128	1693	791
2020-06-07 17:25:43	34884825	330606	517	792	414	553	ally	128	76	792
2020-06-07 17:26:06	34884826	31983	1523	790	498	1564	ally	128	26	790
2020-06-07 17:26:12	34884827	700292	1678	790	139	1215	attack	128	1693	791
2020-06-07 17:26:34	34884831	330606	517	792	414	756	ally	128	76	792
2020-06-07 17:26:36	34884832	574262	1611	792	402	2579	attack	128	1072	791
2020-06-07 17:27:01	34884835	361	1072	791	264	940	attack	128	1678	790
2020-06-07 17:27:15	34884838	551384	1678	790	139	1038	conquer	128	1693	791
2020-06-07 17:27:26	34884839	700292	1678	790	139	503	defense	128	1678	790
2020-06-07 17:27:30	34884840	561036	1332	792	273	2858	ally	128	1611	792
2020-06-07 17:27:30	34884840	689013	1678	790	139	2177	defense	128	1678	790
2020-06-07 17:27:40	34884841	583700	1693	791	483	2380	defense	128	1693	791
2020-06-07 17:27:40	34884842	579325	1523	790	414	501	attack	128	76	792
2020-06-07 17:28:03	34884843	330606	517	792	414	1392	ally	128	76	792
2020-06-07 17:28:31	34884844	639366	1386	791	190	1107	defense	128	1386	791
2020-06-07 17:29:04	34884847	330606	517	792	414	505	ally	128	76	792
2020-06-07 17:29:04	34884847	574262	1611	792	402	755	attack	128	1072	791
2020-06-07 17:29:14	34884848	735204	1678	790	139	1924	defense	128	1678	790
2020-06-07 17:29:14	34884848	48387	1678	790	431	1917	attack	128	1102	791
2020-06-07 17:29:19	34884849	361	1072	791	264	884	conquer	128	1678	790
2020-06-07 17:29:22	34884850	579325	1523	790	414	470	attack	128	76	792
2020-06-07 17:29:23	34884851	673785	1523	790	139	1830	ally	128	1678	790
2020-06-07 17:29:39	34884852	700292	1678	790	139	884	defense	128	1678	790
2020-06-07 17:29:54	34884853	31983	1523	790	498	1109	ally	128	26	790
2020-06-07 17:29:54	34884854	330606	517	792	414	633	ally	128	76	792
2020-06-07 17:29:54	34884854	574262	1611	792	402	632	attack	128	1072	791
2020-06-07 17:30:25	34884856	639366	1386	791	190	159	defense	128	1386	791
2020-06-07 17:30:25	34884856	666564	1072	791	247	289	attack	128	1523	790
2020-06-07 17:30:30	34884857	330606	517	792	414	381	ally	128	76	792
2020-06-07 17:30:30	34884857	574262	1611	792	402	381	attack	128	1072	791
2020-06-07 17:31:16	34884859	561036	1332	792	273	3014	ally	128	1611	792
2020-06-07 17:31:16	34884859	48387	1678	790	431	2291	attack	128	1102	791
2020-06-07 17:31:17	34884860	551384	1678	790	124	1211	conquer	128	1332	792
2020-06-07 17:31:18	34884861	579325	1523	790	414	883	attack	128	76	792
2020-06-07 17:31:20	34884862	330606	517	792	414	230	ally	128	76	792
2020-06-07 17:31:20	34884862	574262	1611	792	402	628	conquer	128	1072	791
2020-06-07 17:31:30	34884863	31983	1523	790	498	830	ally	128	26	790
2020-06-07 17:31:58	34884864	583700	1693	791	483	3108	defense	128	1693	791
2020-06-07 17:32:11	34884865	704260	1704	790	139	1100	ally	128	1678	790
2020-06-07 17:32:11	34884865	705980	1704	790	281	1706	conquer	128	1693	791
2020-06-07 17:32:12	34884866	31983	1523	790	498	966	ally	128	26	790
2020-06-07 17:32:17	34884867	379357	1693	791	418	608	attack	128	1332	792
2020-06-07 17:32:44	34884868	579325	1523	790	414	685	attack	128	76	792
2020-06-07 17:32:45	34884869	735204	1678	790	139	1554	defense	128	1678	790
2020-06-07 17:32:45	34884869	561036	1332	792	273	2073	ally	128	1611	792
2020-06-07 17:32:50	34884870	639366	1386	791	190	829	defense	128	1386	791
2020-06-07 17:32:50	34884870	666564	1072	791	247	827	attack	128	1523	790
2020-06-07 17:32:54	34884871	583700	1693	791	483	1030	defense	128	1693	791
2020-06-07 17:32:57	34884872	330606	517	792	414	1009	ally	128	76	792
2020-06-07 17:33:56	34884875	490453	1072	791	444	1052	attack	128	1678	790
2020-06-07 17:34:04	34884876	379357	1693	791	418	440	attack	128	1332	792
2020-06-07 17:34:14	34884877	551384	1678	790	124	870	defense	128	1678	790
2020-06-07 17:34:15	34884878	330606	517	792	414	1104	ally	128	76	792
2020-06-07 17:34:21	34884879	188111	41	791	498	1383	attack	128	26	790
2020-06-07 17:34:21	34884879	735204	1678	790	139	1698	defense	128	1678	790
2020-06-07 17:34:31	34884880	579325	1523	790	414	849	attack	128	76	792
2020-06-07 17:34:39	34884881	583700	1693	791	483	486	defense	128	1693	791
2020-06-07 17:35:30	34884883	574262	1611	792	30	1716	attack	128	1386	791
2020-06-07 17:35:37	34884884	673785	1523	790	139	1243	ally	128	1678	790
2020-06-07 17:35:47	34884885	330606	517	792	414	751	ally	128	76	792
2020-06-07 17:35:54	34884888	31983	1523	790	498	4605	ally	128	26	790
2020-06-07 17:36:01	34884890	583700	1693	791	483	1664	defense	128	1693	791
2020-06-07 17:36:04	34884891	188111	41	791	498	1599	attack	128	26	790
2020-06-07 17:36:04	34884891	735204	1678	790	139	1946	defense	128	1678	790
2020-06-07 17:36:04	34884891	48387	1678	790	431	1939	attack	128	1102	791
2020-06-07 17:36:07	34884892	379357	1693	791	418	705	attack	128	1332	792
2020-06-07 17:36:25	34884895	700292	1678	790	264	1867	conquer	128	1072	791
2020-06-07 17:36:29	34884898	574262	1611	792	30	242	attack	128	1386	791
2020-06-07 17:36:34	34884899	715662	1523	790	264	1123	ally	128	1678	790
2020-06-07 17:36:43	34884901	330606	517	792	414	842	ally	128	76	792
2020-06-07 17:37:21	34884907	188111	41	791	498	1170	attack	128	26	790
2020-06-07 17:37:21	34884907	561036	1332	792	273	1929	ally	128	1611	792
2020-06-07 17:37:21	34884907	48387	1678	790	431	1412	attack	128	1102	791
2020-06-07 17:37:36	34884910	379357	1693	791	418	578	attack	128	1332	792
2020-06-07 17:37:47	34884912	330606	517	792	414	966	ally	128	76	792
2020-06-07 17:38:09	34884913	705980	1704	790	483	1472	attack	128	1693	791
2020-06-07 17:38:30	34884916	639366	1386	791	190	2128	defense	128	1386	791
2020-06-07 17:38:30	34884916	706051	1102	791	139	1996	attack	128	1678	790
2020-06-07 17:38:38	34884917	574262	1611	792	30	1941	attack	128	1386	791
2020-06-07 17:38:48	34884918	735204	1678	790	139	1693	defense	128	1678	790
2020-06-07 17:38:48	34884918	48387	1678	790	431	1687	attack	128	1102	791
2020-06-07 17:38:55	34884919	704260	1704	790	139	1395	ally	128	1678	790
2020-06-07 17:39:12	34884922	379357	1693	791	418	551	attack	128	1332	792
2020-06-07 17:39:33	34884923	330606	517	792	414	1746	ally	128	76	792
2020-06-07 17:39:41	34884924	700292	1678	790	264	1347	defense	128	1678	790
2020-06-07 17:40:05	34884926	551384	1678	790	116	1321	attack	128	76	792
2020-06-07 17:40:11	34884927	673785	1523	790	139	1021	ally	128	1678	790
2020-06-07 17:40:13	34884929	715662	1523	790	264	1153	ally	128	1678	790
2020-06-07 17:40:30	34884931	490453	1072	791	444	9107	attack	128	1678	790
2020-06-07 17:41:02	34884932	561036	1332	792	273	3376	ally	128	1611	792
2020-06-07 17:41:42	34884935	379357	1693	791	418	788	conquer	128	1332	792
2020-06-07 17:42:33	34884936	639366	1386	791	94	1280	attack	128	1523	790
2020-06-07 17:42:33	34884936	706051	1102	791	139	1323	attack	128	1678	790
2020-06-07 17:42:33	34884937	666564	1072	791	124	387	attack	128	1678	790
2020-06-07 17:42:57	34884938	104932	76	792	99	1069	attack	128	1678	790
2020-06-07 17:43:04	34884940	705980	1704	790	483	1414	attack	128	1693	791
2020-06-07 17:43:18	34884941	736245	1678	790	7	679	attack	128	1693	791
2020-06-07 17:43:21	34884942	48387	1678	790	431	2317	attack	128	1102	791
2020-06-07 17:43:21	34884942	689013	1678	790	139	2306	defense	128	1678	790
2020-06-07 17:43:23	34884943	379357	1693	791	418	140	defense	128	1693	791
2020-06-07 17:43:28	34884944	31983	1523	790	498	7160	ally	128	26	790
2020-06-07 17:43:31	34884945	640530	1072	791	288	166	attack	128	76	792
2020-06-07 17:43:57	34884946	640530	1072	791	288	133	attack	128	76	792
2020-06-07 17:44:04	34884947	379357	1693	791	418	238	defense	128	1693	791
2020-06-07 17:44:06	34884948	666564	1072	791	124	386	attack	128	1678	790
2020-06-07 17:44:15	34884949	574262	1611	792	30	7764	conquer	128	1386	791
2020-06-07 17:44:26	34884952	104932	76	792	99	886	attack	128	1678	790
2020-06-07 17:44:45	34884953	640530	1072	791	288	263	attack	128	76	792
2020-06-07 17:45:24	34884955	640530	1072	791	288	224	attack	128	76	792
2020-06-07 17:45:35	34884957	188111	41	791	498	1832	attack	128	26	790
2020-06-07 17:45:35	34884957	48387	1678	790	431	2205	attack	128	1102	791
2020-06-07 17:45:35	34884957	689013	1678	790	139	2195	defense	128	1678	790
2020-06-07 17:45:47	34884959	639366	1386	791	94	1339	attack	128	1523	790
2020-06-07 17:45:47	34884959	706051	1102	791	139	1303	attack	128	1678	790
2020-06-07 17:45:54	34884961	583700	1693	791	483	914	defense	128	1693	791
2020-06-07 17:46:09	34884962	640530	1072	791	288	253	attack	128	76	792
2020-06-07 17:46:21	34884963	104932	76	792	99	1147	attack	128	1678	790
2020-06-07 17:46:49	34884967	640530	1072	791	288	182	attack	128	76	792
2020-06-07 17:47:10	34884969	705980	1704	790	483	636	attack	128	1693	791
2020-06-07 17:47:37	34884971	188111	41	791	498	1493	attack	128	26	790
2020-06-07 17:47:37	34884971	735204	1678	790	139	1805	defense	128	1678	790
2020-06-07 17:47:37	34884971	48387	1678	790	431	1798	conquer	128	1102	791
2020-06-07 17:47:37	34884971	689013	1678	790	139	1790	defense	128	1678	790
2020-06-07 17:48:07	34884972	704260	1704	790	139	777	ally	128	1678	790
2020-06-07 17:48:23	34884973	715662	1523	790	139	1532	ally	128	1678	790
2020-06-07 17:48:24	34884974	673785	1523	790	116	888	attack	128	76	792
2020-06-07 17:48:24	34884975	104932	76	792	99	1384	attack	128	1678	790
2020-06-07 17:49:32	34884976	583700	1693	791	483	1155	defense	128	1693	791
2020-06-07 17:49:32	34884976	490453	1072	791	444	1536	attack	128	1678	790
2020-06-07 17:49:32	34884976	561036	1332	792	273	2642	ally	128	1611	792
2020-06-07 17:50:03	34884978	104932	76	792	99	1083	attack	128	1678	790
2020-06-07 17:50:07	34884979	709482	1693	791	139	3773	attack	128	1678	790
2020-06-07 17:50:10	34884980	640530	1072	791	288	4388	attack	128	76	792
2020-06-07 17:50:23	34884983	639366	1386	791	94	1197	attack	128	1523	790
2020-06-07 17:50:23	34884983	706051	1102	791	139	1561	attack	128	1678	790
2020-06-07 17:50:26	34884984	705980	1704	790	483	938	attack	128	1693	791
2020-06-07 17:51:08	34884986	379357	1693	791	402	131	conquer	128	1611	792
2020-06-07 17:51:26	34884987	551384	1678	790	116	2013	attack	128	76	792
2020-06-07 17:51:26	34884987	490453	1072	791	444	1632	attack	128	1678	790
2020-06-07 17:51:26	34884987	561036	1332	792	273	2723	ally	128	1611	792
2020-06-07 17:51:26	34884987	48387	1678	790	431	2004	defense	128	1678	790
2020-06-07 17:51:49	34884989	104932	76	792	99	1076	attack	128	1678	790
2020-06-07 17:52:09	34884990	736245	1678	790	7	1986	attack	128	1693	791
2020-06-07 17:52:50	34884993	574262	1611	792	418	2485	conquer	128	1693	791
2020-06-07 17:52:55	34884994	551384	1678	790	116	1638	attack	128	76	792
2020-06-07 17:52:55	34884994	48387	1678	790	431	1632	defense	128	1678	790
2020-06-07 17:52:55	34884994	689013	1678	790	139	1463	defense	128	1678	790
2020-06-07 17:52:55	34884994	583700	1693	791	483	1305	defense	128	1693	791
2020-06-07 17:52:56	34884995	673785	1523	790	116	856	attack	128	76	792
2020-06-07 17:54:08	34885002	704260	1704	790	139	736	ally	128	1678	790
2020-06-07 17:54:08	34885002	466054	1704	790	194	1014	attack	128	1386	791
2020-06-07 17:54:11	34885004	639366	1386	791	94	1027	attack	128	1523	790
2020-06-07 17:54:11	34885004	706051	1102	791	139	1138	attack	128	1678	790
2020-06-07 17:54:17	34885005	735204	1678	790	139	1433	defense	128	1678	790
2020-06-07 17:54:17	34885005	490453	1072	791	444	1181	conquer	128	1678	790
2020-06-07 17:55:02	34885008	379357	1693	791	402	37	defense	128	1693	791
2020-06-07 17:55:07	34885010	104932	76	792	99	1962	conquer	128	1678	790
2020-06-07 17:55:16	34885011	379357	1693	791	402	56	defense	128	1693	791
2020-06-07 17:55:25	34885012	379357	1693	791	402	25	defense	128	1693	791
2020-06-07 17:55:52	34885015	705980	1704	790	483	1454	attack	128	1693	791
2020-06-07 17:55:57	34885016	579325	1523	790	414	7572	attack	128	76	792
2020-06-07 17:56:14	34885017	379357	1693	791	402	226	defense	128	1693	791
2020-06-07 17:56:30	34885018	379357	1693	791	402	81	defense	128	1693	791
2020-06-07 17:56:31	34885019	48387	1678	790	444	2471	conquer	128	1072	791
2020-06-07 17:56:31	34885019	583700	1693	791	281	2077	conquer	128	1704	790
2020-06-07 17:56:45	34885021	379357	1693	791	402	33	defense	128	1693	791
2020-06-07 17:56:46	34885022	639366	1386	791	94	928	attack	128	1523	790
2020-06-07 17:56:46	34885022	706051	1102	791	139	986	attack	128	1678	790
2020-06-07 17:57:02	34885024	379357	1693	791	402	73	defense	128	1693	791
2020-06-07 17:57:16	34885025	104932	76	792	99	1388	defense	128	76	792
2020-06-07 17:57:24	34885026	379357	1693	791	402	113	defense	128	1693	791
2020-06-07 17:57:31	34885027	704260	1704	790	139	927	ally	128	1678	790
2020-06-07 17:57:31	34885027	466054	1704	790	194	1005	attack	128	1386	791
2020-06-07 17:57:37	34885029	670081	1332	792	402	769	conquer	128	1693	791
2020-06-07 17:57:40	34885030	574262	1611	792	402	2432	ally	128	1332	792
2020-06-07 17:58:00	34885031	715662	1523	790	116	1179	attack	128	76	792
2020-06-07 17:58:11	34885033	673785	1523	790	116	1028	attack	128	76	792
2020-06-07 17:58:13	34885035	188111	41	791	264	1291	attack	128	1678	790
2020-06-07 17:58:13	34885035	48387	1678	790	444	1530	defense	128	1678	790
2020-06-07 17:58:42	34885038	379357	1693	791	402	262	attack	128	1332	792
2020-06-07 17:58:43	34885039	736245	1678	790	7	354	attack	128	1693	791
2020-06-07 17:59:07	34885040	705980	1704	790	281	763	attack	128	1693	791
2020-06-07 17:59:10	34885041	700292	1678	790	264	157	defense	128	1678	790
2020-06-07 17:59:16	34885042	736245	1678	790	7	374	attack	128	1693	791
2020-06-07 17:59:20	34885043	466054	1704	790	194	325	attack	128	1386	791
2020-06-07 17:59:35	34885045	639366	1386	791	94	703	attack	128	1523	790
2020-06-07 17:59:35	34885045	706051	1102	791	139	956	attack	128	1678	790
2020-06-07 17:59:55	34885046	466054	1704	790	194	128	attack	128	1386	791
2020-06-07 18:00:00	34885047	188111	41	791	264	1440	attack	128	1678	790
2020-06-07 18:00:00	34885047	583700	1693	791	479	1434	attack	128	1704	790